1 2 -0.42 0.22 0.0 0.105 -1
2 2 -3.74 -2.13 0.0 0.105 1
3 2 -5.6 -4.28 0.0 0.105 2
4 2 -6.43 -5.99 0.0 0.105 3
5 2 -8.91 -5.99 0.0 0.105 4
6 2 -10.99 -6.2 0.0 0.105 5
7 2 -13.89 -8.56 0.0 0.105 6
8 2 -16.16 -9.63 0.0 0.105 7
9 2 -19.05 -10.92 0.0 0.105 8
10 2 -21.96 -12.42 -0.1 0.105 9
11 2 -24.86 -14.99 -0.1 0.105 10
12 2 -28.59 -16.28 1.4 0.105 11
13 2 -32.72 -17.55 1.4 0.105 12
14 2 -35.63 -19.92 1.4 0.105 13
15 2 -38.11 -20.78 0.15 0.105 14
16 2 -38.53 -22.71 1.0 0.105 15
17 2 -40.19 -23.99 1.0 0.105 16
18 2 -45.91 -26.54 2.7 0.105 17
19 2 -48.6 -28.04 1.5 0.105 18
20 2 -52.54 -30.4 1.5 0.105 19
21 2 -55.85 -32.11 0.6 0.105 20
22 2 -61.03 -31.69 0.6 0.105 21
23 2 -62.68 -31.47 -3.7 0.105 22
24 2 -66.41 -29.54 -0.8 0.105 23
25 2 -68.48 -29.33 -0.55 0.105 24
26 2 -69.31 -28.47 -0.55 0.105 25
27 2 -72.42 -28.47 -0.55 0.105 26
28 2 -75.31 -26.76 0.45 0.105 27
29 2 -78.01 -26.33 -0.85 0.105 28
30 2 -81.12 -25.47 1.05 0.105 29
31 2 -84.43 -26.33 1.35 0.105 30
32 2 -88.66 -25.52 0.8 0.105 31
33 2 -92.39 -24.23 1.05 0.105 32
34 2 -94.87 -23.37 2.75 0.105 33
35 2 -97.77 -22.73 2.75 0.105 34
36 2 -100.46 -20.16 3.4 0.105 35
37 2 -104.81 -19.94 4.15 0.105 36
38 2 -107.92 -18.87 4.9 0.105 37
39 2 -112.89 -18.66 4.9 0.105 38
40 2 -117.03 -18.66 4.9 0.105 39
41 2 -119.73 -18.87 6.45 0.105 40
42 2 -126.35 -19.09 6.45 0.105 41
43 2 -130.29 -20.37 6.2 0.105 42
44 2 -133.52 -18.66 6.1 0.105 43
45 2 -138.08 -19.3 6.1 0.105 44
46 2 -140.15 -19.52 6.1 0.105 45
47 2 -143.05 -19.52 6.1 0.105 46
48 2 -146.97 -18.44 8.0 0.105 47
49 2 -149.88 -17.37 8.0 0.105 48
50 2 -153.82 -18.66 8.0 0.105 49
51 2 -157.13 -17.16 8.0 0.105 50
52 2 -161.28 -16.09 10.0 0.105 51
53 2 -164.8 -16.3 10.0 0.105 52
54 2 -169.98 -16.51 11.25 0.105 53
55 2 -175.57 -16.51 10.6 0.105 54
56 2 -180.48 -16.69 9.4 0.105 55
57 2 -55.31 -33.59 1.25 0.105 20
58 2 -59.86 -35.29 1.0 0.105 57
59 2 -64.2 -37.44 1.0 0.105 58
60 2 -68.56 -38.72 2.2 0.105 59
61 2 -71.45 -38.95 2.2 0.105 60
62 2 -77.06 -39.36 1.55 0.105 61
63 2 -80.98 -40.65 1.55 0.105 62
64 2 -84.51 -41.95 3.35 0.105 63
65 2 -87.83 -43.45 3.35 0.105 64
66 2 -93.83 -44.95 1.35 0.105 65
67 2 -96.11 -45.16 1.35 0.105 66
68 2 -101.39 -45.39 1.35 0.105 67
69 2 -104.5 -46.03 0.9 0.105 68
70 2 -107.81 -48.39 0.9 0.105 69
71 2 -112.37 -49.67 2.5 0.105 70
72 2 -113.82 -49.67 2.5 0.105 71
73 2 -118.17 -50.96 4.09 0.105 72
74 2 -121.07 -50.96 4.09 0.105 73
75 2 -121.9 -53.32 2.95 0.105 74
76 2 -124.8 -54.17 4.65 0.105 75
77 2 -128.32 -55.46 1.8 0.105 76
78 2 -130.38 -56.96 1.8 0.105 77
79 2 -134.33 -57.6 1.8 0.105 78
80 2 -138.47 -58.46 1.8 0.105 79
81 2 -140.13 -58.89 1.8 0.105 80
82 2 -144.36 -58.66 1.8 0.105 81
83 2 -148.5 -58.23 1.8 0.105 82
84 2 -153.88 -56.94 1.1 0.105 83
85 2 -158.03 -55.23 1.75 0.105 84
86 2 -163.62 -56.09 0.75 0.105 85
87 2 -170.66 -55.66 0.15 0.105 86
88 2 -174.8 -56.3 0.15 0.105 87
89 2 -177.5 -58.02 0.85 0.105 88
90 2 -181.23 -60.8 2.29 0.105 89
91 2 -184.95 -62.09 2.29 0.105 90
92 2 -188.95 -62.07 2.29 0.105 91
93 2 -193.3 -63.57 2.29 0.105 92
94 2 -196.2 -64.43 2.29 0.105 93
95 2 -199.31 -66.56 2.29 0.105 94
96 2 -200.96 -69.36 2.29 0.105 95
97 2 -204.48 -71.06 -0.1 0.105 96
98 2 -206.76 -74.29 0.95 0.105 97
99 2 -208.83 -77.06 0.95 0.105 98
100 2 -214.63 -78.79 0.95 0.105 99
101 2 -218.78 -81.79 2.04 0.105 100
102 2 -222.5 -83.29 2.04 0.105 101
103 2 -225.4 -85.22 2.04 0.105 102
104 2 -228.72 -86.72 2.04 0.105 103
105 2 -234.41 -89.03 2.04 0.105 104
106 2 -240.21 -90.1 2.04 0.105 105
107 2 -243.73 -92.46 1.14 0.105 106
108 2 -245.18 -93.96 1.14 0.105 107
109 2 -246.21 -96.1 1.14 0.105 108
110 2 -250.98 -98.03 1.14 0.105 109
