1 2 0.38 0.24 0.0 0.105 -1
2 2 0.81 -2.52 0.0 0.105 1
3 2 1.22 -4.25 -1.7 0.105 2
4 2 2.46 -6.39 -1.7 0.105 3
5 2 4.54 -9.18 -3.15 0.105 4
6 2 5.78 -13.04 -3.25 0.105 5
7 2 9.3 -15.82 -1.14 0.105 6
8 2 12.2 -20.96 -0.1 0.105 7
9 2 13.54 -22.9 0.3 0.105 8
10 2 15.4 -27.62 0.3 0.105 9
11 2 16.85 -31.05 0.3 0.105 10
12 2 17.05 -33.19 1.45 0.105 11
13 2 19.13 -35.97 1.45 0.105 12
14 2 21.2 -39.4 1.45 0.105 13
15 2 23.27 -41.55 1.45 0.105 14
16 2 25.55 -43.69 1.45 0.105 15
17 2 27.41 -45.62 1.45 0.105 16
18 2 28.86 -46.91 1.45 0.105 17
19 2 31.35 -49.91 1.45 0.105 18
20 2 32.59 -52.05 1.45 0.105 19
21 2 34.04 -55.26 1.45 0.105 20
22 2 35.49 -57.84 3.55 0.105 21
23 2 37.56 -61.69 3.15 0.105 22
24 2 38.72 -62.32 3.15 0.105 23
25 2 39.56 -65.73 3.15 0.105 24
26 2 41.21 -67.89 3.15 0.105 25
27 2 41.84 -72.39 4.09 0.105 26
28 2 45.36 -75.59 4.09 0.105 27
29 2 46.81 -78.81 4.09 0.105 28
30 2 49.08 -81.59 4.09 0.105 29
31 2 51.36 -84.82 4.09 0.105 30
32 2 54.26 -86.32 4.09 0.105 31
33 2 55.51 -88.03 3.7 0.105 32
34 2 57.37 -89.75 5.05 0.105 33
35 2 58.61 -91.46 5.05 0.105 34
36 2 60.06 -93.61 5.05 0.105 35
37 2 60.4 -95.5 4.15 0.105 36
38 2 60.61 -98.29 5.0 0.105 37
39 2 61.85 -101.29 5.0 0.105 38
40 2 63.09 -103.65 5.0 0.105 39
41 2 65.16 -106.86 5.0 0.105 40
42 2 66.41 -109.0 5.0 0.105 41
43 2 67.86 -110.72 5.65 0.105 42
44 2 69.93 -113.08 5.65 0.105 43
45 2 72.62 -114.79 5.65 0.105 44
46 2 75.52 -118.0 5.65 0.105 45
47 2 76.56 -119.93 5.65 0.105 46
48 2 79.04 -122.72 5.65 0.105 47
49 2 82.77 -124.01 5.65 0.105 48
50 2 85.67 -125.93 5.65 0.105 49
51 2 88.98 -127.86 5.65 0.105 50
52 2 90.43 -129.15 5.65 0.105 51
53 2 93.75 -130.44 5.65 0.105 52
54 2 96.23 -132.15 5.65 0.105 53
55 2 103.28 -137.08 7.15 0.105 54
56 2 107.54 -140.5 7.15 0.105 55
57 2 111.26 -142.63 7.15 0.105 56
58 2 114.37 -144.57 7.15 0.105 57
59 2 116.86 -147.36 7.15 0.105 58
60 2 120.17 -149.5 5.3 0.105 59
61 2 123.28 -152.29 5.0 0.105 60
62 2 126.59 -155.08 5.0 0.105 61
63 2 128.46 -157.65 5.0 0.105 62
64 2 131.77 -160.43 5.0 0.105 63
65 2 135.08 -163.01 7.45 0.105 64
66 2 139.63 -166.65 8.15 0.105 65
67 2 142.54 -168.79 5.75 0.105 66
68 2 144.82 -170.72 4.9 0.105 67
69 2 147.1 -173.29 4.9 0.105 68
70 2 149.26 -176.06 6.35 0.105 69
71 2 153.19 -180.34 7.8 0.105 70
72 2 154.86 -182.92 7.4 0.105 71
73 2 156.93 -184.85 7.4 0.105 72
74 2 159.0 -186.56 7.4 0.105 73
75 2 160.86 -189.13 6.85 0.105 74
76 2 163.56 -190.85 6.85 0.105 75
77 2 167.91 -193.42 6.85 0.105 76
78 2 172.26 -194.92 6.85 0.105 77
79 2 175.57 -197.06 7.7 0.105 78
80 2 179.71 -199.21 7.05 0.105 79
81 2 182.61 -201.35 7.05 0.105 80
82 2 186.34 -204.13 7.05 0.105 81
83 2 186.55 -207.56 4.84 0.105 82
84 2 188.0 -210.99 6.85 0.105 83
85 2 189.03 -213.78 6.85 0.105 84
86 2 191.79 -215.7 9.19 0.105 85
87 2 193.24 -217.2 9.19 0.105 86
88 2 196.34 -219.77 9.19 0.105 87
89 2 197.58 -221.49 9.19 0.105 88
90 2 198.83 -224.06 9.19 0.105 89
91 2 200.28 -228.99 9.19 0.105 90
92 2 200.48 -232.42 9.69 0.105 91
93 2 200.69 -235.2 12.0 0.105 92
94 2 199.24 -237.56 12.0 0.105 93
95 2 198.62 -240.13 12.0 0.105 94
96 2 199.86 -242.49 12.0 0.105 95
97 2 201.52 -245.71 12.0 0.105 96
98 2 203.18 -247.63 12.0 0.105 97
99 2 205.87 -250.85 12.0 0.105 98
100 2 208.56 -253.21 9.3 0.105 99
101 2 211.67 -256.64 9.3 0.105 100
102 2 212.62 -258.82 11.1 0.105 101
103 2 215.94 -263.1 11.1 0.105 102
104 2 217.8 -266.32 11.1 0.105 103
105 2 220.08 -267.82 11.1 0.105 104
106 2 222.98 -271.45 11.1 0.105 105
107 2 224.43 -274.02 11.1 0.105 106
108 2 226.08 -275.95 11.1 0.105 107
109 2 228.98 -277.45 11.1 0.105 108
110 2 230.23 -278.95 11.1 0.105 109
111 2 233.13 -281.95 11.9 0.105 110
112 2 234.16 -284.95 11.9 0.105 111
113 2 235.41 -287.11 11.9 0.105 112
114 2 236.65 -288.61 11.9 0.105 113
115 2 239.13 -290.95 11.9 0.105 114
116 2 241.83 -292.25 11.9 0.105 115
117 2 245.35 -294.39 11.9 0.105 116
118 2 248.45 -296.32 13.55 0.105 117
119 2 251.15 -297.82 12.1 0.105 118
120 2 253.78 -300.13 12.1 0.105 119
121 2 256.68 -302.7 12.1 0.105 120
122 2 258.95 -305.49 12.1 0.105 121
123 2 261.02 -308.49 12.1 0.105 122
124 2 262.89 -311.92 12.4 0.105 123
125 2 265.38 -313.42 12.95 0.105 124
126 2 267.45 -314.27 12.95 0.105 125
127 2 269.11 -316.85 13.95 0.105 126
128 2 272.01 -319.2 11.2 0.105 127
129 2 274.27 -321.77 11.2 0.105 128
130 2 277.6 -324.77 11.2 0.105 129
131 2 279.67 -326.27 11.2 0.105 130
132 2 280.91 -329.71 10.95 0.105 131
133 2 283.19 -333.14 12.7 0.105 132
134 2 285.47 -335.06 12.7 0.105 133
135 2 287.33 -338.06 12.7 0.105 134
136 2 289.39 -341.49 11.9 0.105 135
137 2 293.83 -345.76 11.4 0.105 136
138 2 296.33 -349.83 11.4 0.105 137
139 2 297.77 -352.62 11.4 0.105 138
140 2 299.23 -354.55 11.4 0.105 139
141 2 300.26 -356.9 11.4 0.105 140
142 2 301.3 -358.4 11.4 0.105 141
143 2 302.95 -360.12 11.4 0.105 142
144 2 305.64 -361.83 11.4 0.105 143
145 2 308.13 -363.12 11.4 0.105 144
146 2 64.62 -93.82 5.05 0.105 36
147 2 68.76 -94.46 3.95 0.105 146
148 2 72.28 -95.75 3.95 0.105 147
149 2 75.39 -95.11 4.75 0.105 148
150 2 77.88 -92.53 3.9 0.105 149
151 2 81.59 -93.39 3.9 0.105 150
152 2 86.04 -93.8 3.9 0.105 151
153 2 91.43 -93.59 4.9 0.105 152
154 2 97.64 -94.87 2.7 0.105 153
155 2 99.71 -93.59 -0.25 0.105 154
156 2 104.06 -91.87 -0.45 0.105 155
157 2 108.0 -91.66 -0.45 0.105 156
158 2 111.1 -93.8 -0.85 0.105 157
159 2 115.25 -100.02 -0.85 0.105 158
160 2 116.9 -101.95 -0.85 0.105 159
161 2 117.73 -102.8 -0.85 0.105 160
162 2 118.15 -104.3 -0.85 0.105 161
163 2 118.56 -107.09 -0.85 0.105 162
164 2 119.6 -110.95 0.05 0.105 163
165 2 118.77 -114.16 4.0 0.105 164
166 2 118.77 -115.88 4.0 0.105 165
167 2 121.25 -119.73 4.0 0.105 166
168 2 124.78 -121.02 4.0 0.105 167
169 2 124.27 -122.9 4.0 0.105 168
170 2 122.61 -124.19 4.0 0.105 169
171 2 121.79 -126.76 4.0 0.105 170
172 2 122.82 -128.26 4.0 0.105 171
173 2 122.41 -130.83 4.0 0.105 172
174 2 123.86 -131.47 4.0 0.105 173
175 2 123.86 -129.76 4.0 0.105 174
176 2 125.51 -131.47 4.0 0.105 175
177 2 126.34 -133.19 5.9 0.105 176
178 2 127.38 -134.69 5.9 0.105 177
179 2 128.0 -138.12 5.9 0.105 178
180 2 126.76 -140.26 5.9 0.105 179
181 2 127.17 -141.97 5.9 0.105 180
182 2 126.76 -144.76 5.9 0.105 181
183 2 125.1 -147.76 5.9 0.105 182
184 2 123.44 -149.91 7.4 0.105 183
185 2 124.48 -153.33 7.4 0.105 184
186 2 124.06 -156.76 7.4 0.105 185
187 2 124.69 -159.34 6.1 0.105 186
188 2 125.1 -162.34 8.55 0.105 187
189 2 124.99 -164.09 9.0 0.105 188
190 2 126.02 -165.59 9.0 0.105 189
191 2 126.23 -169.23 9.0 0.105 190
192 2 126.44 -171.16 9.0 0.105 191
193 2 127.89 -173.09 8.65 0.105 192
194 2 129.34 -175.66 10.25 0.105 193
195 2 129.96 -178.23 10.25 0.105 194
196 2 129.96 -181.45 10.1 0.105 195
197 2 129.96 -183.8 10.1 0.105 196
198 2 129.13 -185.95 10.1 0.105 197
199 2 128.91 -187.88 10.1 0.105 198
200 2 130.58 -189.38 10.95 0.105 199
201 2 131.41 -190.66 10.95 0.105 200
202 2 131.41 -192.59 10.95 0.105 201
203 2 130.99 -194.52 11.9 0.105 202
204 2 132.03 -197.31 11.9 0.105 203
205 2 134.1 -199.02 13.2 0.105 204
206 2 135.13 -201.38 13.2 0.105 205
207 2 134.93 -203.09 13.2 0.105 206
208 2 136.86 -205.22 13.2 0.105 207
209 2 136.86 -206.72 13.2 0.105 208
