1 2 261.75 -238.09 15.58 0.105 -1
2 2 258.24 -237.45 15.59 0.105 1
3 2 255.34 -236.37 15.59 0.105 2
4 2 252.86 -234.23 14.79 0.105 3
5 2 249.75 -234.02 15.25 0.105 4
6 2 247.68 -232.3 15.25 0.105 5
7 2 244.78 -229.73 15.11 0.105 6
8 2 243.33 -228.66 15.11 0.105 7
9 2 240.22 -226.73 15.11 0.105 8
10 2 239.25 -224.16 14.53 0.105 9
11 2 237.38 -222.88 14.34 0.105 10
12 2 236.14 -221.16 14.34 0.105 11
13 2 235.31 -219.45 14.34 0.105 12
14 2 234.9 -217.73 14.34 0.105 13
15 2 232.0 -215.38 14.34 0.105 14
16 2 230.13 -213.23 14.34 0.105 15
17 2 229.1 -211.09 14.34 0.105 16
18 2 228.27 -208.73 14.34 0.105 17
19 2 227.23 -206.59 14.34 0.105 18
20 2 225.16 -203.16 14.34 0.105 19
21 2 222.68 -199.73 14.34 0.105 20
22 2 221.23 -198.02 14.34 0.105 21
23 2 218.74 -196.73 14.34 0.105 22
24 2 215.84 -193.3 14.34 0.105 23
25 2 214.39 -192.44 14.34 0.105 24
26 2 212.32 -192.02 14.34 0.105 25
27 2 212.11 -190.09 14.34 0.105 26
28 2 210.87 -187.52 14.34 0.105 27
29 2 208.52 -185.16 14.34 0.105 28
30 2 206.66 -183.88 14.34 0.105 29
31 2 205.21 -182.59 14.34 0.105 30
32 2 204.58 -180.88 14.34 0.105 31
33 2 203.34 -178.31 14.34 0.105 32
34 2 202.1 -176.38 13.71 0.105 33
35 2 200.86 -173.8 12.77 0.105 34
36 2 198.37 -170.59 12.77 0.105 35
37 2 198.78 -168.02 10.79 0.105 36
38 2 198.16 -165.87 10.79 0.105 37
39 2 196.92 -164.37 10.79 0.105 38
40 2 194.43 -163.09 10.79 0.105 39
41 2 192.36 -161.16 10.79 0.105 40
42 2 190.08 -159.44 10.79 0.105 41
43 2 188.84 -157.3 10.79 0.105 42
44 2 186.98 -154.94 10.79 0.105 43
45 2 186.15 -153.22 10.79 0.105 44
46 2 184.08 -151.72 10.79 0.105 45
47 2 183.04 -148.94 10.79 0.105 46
48 2 181.46 -146.19 13.55 0.105 47
49 2 185.19 -146.41 13.55 0.105 48
50 2 188.71 -145.56 13.55 0.105 49
51 2 193.27 -144.49 13.55 0.105 50
52 2 198.45 -144.06 13.55 0.105 51
53 2 201.97 -144.27 13.55 0.105 52
54 2 204.58 -144.9 13.55 0.105 53
55 2 207.27 -145.54 13.55 0.105 54
56 2 210.58 -146.62 13.55 0.105 55
57 2 213.07 -147.9 13.55 0.105 56
58 2 216.18 -149.19 12.15 0.105 57
59 2 218.78 -151.09 12.15 0.105 58
60 2 221.68 -153.87 9.11 0.105 59
61 2 223.34 -156.87 11.04 0.105 60
62 2 228.1 -159.66 11.04 0.105 61
63 2 231.41 -162.02 11.04 0.105 62
64 2 234.11 -163.72 11.04 0.105 63
65 2 236.59 -165.23 11.04 0.105 64
66 2 238.66 -166.52 11.04 0.105 65
67 2 241.56 -170.16 8.56 0.105 66
68 2 245.29 -171.88 8.56 0.105 67
69 2 246.33 -173.16 8.56 0.105 68
70 2 247.57 -174.88 8.56 0.105 69
71 2 250.88 -175.95 9.24 0.105 70
72 2 252.33 -177.45 9.24 0.105 71
73 2 256.68 -178.73 9.24 0.105 72
74 2 261.02 -179.59 9.24 0.105 73
75 2 263.58 -181.92 9.24 0.105 74
76 2 268.14 -182.99 9.24 0.105 75
77 2 271.45 -183.42 9.49 0.105 76
78 2 277.45 -183.63 9.49 0.105 77
79 2 280.98 -184.27 9.49 0.105 78
80 2 285.52 -186.2 9.49 0.105 79
81 2 289.06 -187.27 9.49 0.105 80
82 2 292.37 -188.99 7.24 0.105 81
83 2 296.51 -190.49 7.24 0.105 82
84 2 299.2 -191.13 7.24 0.105 83
85 2 301.69 -191.99 7.24 0.105 84
86 2 303.76 -193.06 7.24 0.105 85
87 2 305.63 -193.92 7.44 0.105 86
88 2 308.58 -195.46 8.23 0.105 87
89 2 311.7 -197.6 8.23 0.105 88
90 2 315.43 -199.96 10.56 0.105 89
91 2 318.33 -201.46 10.56 0.105 90
92 2 320.19 -202.1 10.56 0.105 91
93 2 324.13 -203.17 10.56 0.105 92
94 2 324.54 -203.17 10.56 0.105 93
95 2 327.86 -203.6 10.56 0.105 94
96 2 332.0 -204.46 9.25 0.105 95
97 2 336.97 -206.6 9.25 0.105 96
98 2 339.25 -208.53 9.25 0.105 97
99 2 343.8 -209.82 10.47 0.105 98
100 2 347.12 -211.1 10.47 0.105 99
101 2 349.81 -213.03 10.47 0.105 100
102 2 352.79 -214.13 8.14 0.105 101
103 2 356.11 -215.63 8.14 0.105 102
104 2 358.38 -216.49 8.14 0.105 103
105 2 361.49 -218.84 8.14 0.105 104
106 2 364.39 -220.56 8.14 0.105 105
107 2 366.67 -221.63 8.14 0.105 106
108 2 369.57 -224.2 8.14 0.105 107
109 2 375.16 -226.56 8.14 0.105 108
110 2 377.86 -228.92 8.14 0.105 109
111 2 378.68 -231.06 8.14 0.105 110
112 2 381.79 -234.28 8.14 0.105 111
113 2 386.14 -236.63 10.45 0.105 112
114 2 389.87 -238.78 10.45 0.105 113
115 2 392.56 -240.06 10.45 0.105 114
116 2 396.2 -242.21 10.45 0.105 115
117 2 398.27 -242.86 10.45 0.105 116
118 2 401.17 -244.57 10.45 0.105 117
119 2 405.52 -246.07 10.45 0.105 118
120 2 407.18 -247.36 10.45 0.105 119
121 2 411.53 -248.22 10.45 0.105 120
122 2 415.67 -249.93 10.45 0.105 121
123 2 419.4 -251.22 10.45 0.105 122
124 2 421.68 -252.5 10.45 0.105 123
125 2 423.54 -253.15 10.45 0.105 124
126 2 425.82 -254.65 10.45 0.105 125
127 2 430.38 -255.5 10.26 0.105 126
128 2 432.86 -257.86 10.26 0.105 127
129 2 434.52 -259.36 10.26 0.105 128
130 2 437.83 -262.36 10.26 0.105 129
131 2 442.24 -264.07 10.26 0.105 130
132 2 444.52 -266.0 10.26 0.105 131
133 2 447.63 -267.5 10.26 0.105 132
134 2 450.94 -267.5 10.26 0.105 133
135 2 453.22 -267.93 10.26 0.105 134
136 2 455.91 -268.79 10.26 0.105 135
137 2 460.68 -270.72 10.26 0.105 136
138 2 465.65 -274.36 10.26 0.105 137
139 2 469.17 -276.29 10.26 0.105 138
140 2 471.86 -277.57 10.26 0.105 139
141 2 474.55 -280.14 10.26 0.105 140
142 2 478.28 -280.57 10.26 0.105 141
143 2 481.6 -282.29 10.26 0.105 142
144 2 485.21 -285.26 10.26 0.105 143
145 2 488.32 -286.54 10.1 0.105 144
146 2 492.67 -288.04 10.1 0.105 145
147 2 494.95 -289.12 10.1 0.105 146
148 2 497.64 -290.19 10.1 0.105 147
149 2 499.09 -290.19 10.1 0.105 148
150 2 501.58 -291.89 10.1 0.105 149
151 2 505.31 -292.97 10.1 0.105 150
152 2 509.24 -292.97 10.1 0.105 151
153 2 512.97 -293.62 10.1 0.105 152
154 2 514.83 -291.47 10.1 0.105 153
155 2 516.7 -289.33 10.1 0.105 154
156 2 519.17 -289.54 10.1 0.105 155
157 2 520.22 -291.04 10.1 0.105 156
158 2 523.12 -292.76 10.1 0.105 157
159 2 527.88 -292.76 10.1 0.105 158
160 2 532.34 -294.89 10.1 0.105 159
161 2 537.3 -295.97 11.94 0.105 160
162 2 540.29 -297.89 12.46 0.105 161
163 2 541.95 -298.32 11.68 0.105 162
164 2 546.51 -299.82 11.68 0.105 163
165 2 548.78 -301.1 11.68 0.105 164
166 2 551.48 -301.95 11.68 0.105 165
167 2 553.13 -303.24 11.68 0.105 166
168 2 554.38 -304.74 11.68 0.105 167
169 2 559.35 -306.02 11.68 0.105 168
170 2 563.08 -306.45 11.68 0.105 169
171 2 565.98 -306.89 11.68 0.105 170
172 2 570.12 -309.67 11.68 0.105 171
173 2 573.02 -311.39 11.68 0.105 172
174 2 577.37 -314.39 12.81 0.105 173
175 2 580.27 -315.45 10.19 0.105 174
176 2 582.46 -316.52 12.76 0.105 175
177 2 584.33 -318.45 12.76 0.105 176
178 2 586.19 -318.67 12.76 0.105 177
179 2 588.67 -319.95 12.76 0.105 178
180 2 589.71 -320.82 12.76 0.105 179
181 2 592.41 -323.17 13.05 0.105 180
182 2 594.67 -325.32 13.05 0.105 181
183 2 596.13 -327.67 13.05 0.105 182
184 2 599.03 -330.89 13.05 0.105 183
185 2 600.48 -332.39 13.05 0.105 184
186 2 603.59 -333.46 13.05 0.105 185
187 2 606.91 -335.17 13.05 0.105 186
188 2 610.22 -336.03 13.05 0.105 187
189 2 612.5 -336.89 13.05 0.105 188
190 2 615.8 -337.32 13.05 0.105 189
191 2 617.67 -336.25 13.05 0.105 190
192 2 620.99 -336.89 13.05 0.105 191
193 2 622.65 -337.32 13.05 0.105 192
194 2 624.51 -338.39 13.05 0.105 193
195 2 626.87 -339.86 13.05 0.105 194
196 2 630.19 -341.57 13.05 0.105 195
197 2 632.46 -340.93 13.05 0.105 196
198 2 634.53 -342.22 12.9 0.105 197
199 2 638.26 -345.0 12.9 0.105 198
200 2 640.96 -345.22 12.32 0.105 199
201 2 644.67 -346.07 12.32 0.105 200
202 2 649.03 -345.64 13.56 0.105 201
203 2 652.97 -345.64 13.56 0.105 202
204 2 654.83 -346.29 13.56 0.105 203
205 2 657.94 -347.36 12.38 0.105 204
206 2 664.15 -348.86 12.38 0.105 205
207 2 666.85 -349.07 11.29 0.105 206
208 2 668.71 -349.29 9.57 0.105 207
209 2 673.35 -351.83 13.08 0.105 208
210 2 677.29 -351.19 13.08 0.105 209
211 2 679.98 -350.54 13.08 0.105 210
212 2 682.88 -349.26 13.08 0.105 211
213 2 686.19 -349.9 13.08 0.105 212
214 2 688.47 -350.76 13.08 0.105 213
215 2 692.2 -351.83 13.08 0.105 214
216 2 695.51 -353.12 13.08 0.105 215
217 2 698.21 -353.33 15.39 0.105 216
218 2 699.86 -353.33 15.32 0.105 217
219 2 702.76 -353.97 15.32 0.105 218
220 2 705.25 -353.76 15.32 0.105 219
221 2 707.94 -353.76 15.32 0.105 220
222 2 710.84 -354.62 15.32 0.105 221
223 2 713.33 -354.4 12.24 0.105 222
224 2 718.36 -355.43 9.61 0.105 223
225 2 723.13 -355.43 15.16 0.105 224
226 2 726.03 -356.5 15.16 0.105 225
227 2 728.93 -357.14 15.16 0.105 226
228 2 731.62 -357.36 15.16 0.105 227
229 2 736.38 -358.86 15.16 0.105 228
230 2 739.28 -359.72 15.1 0.105 229
231 2 743.22 -360.57 15.1 0.105 230
232 2 746.33 -361.64 15.1 0.105 231
233 2 751.92 -362.93 15.1 0.105 232
234 2 754.82 -364.64 15.1 0.105 233
235 2 756.68 -365.29 15.1 0.105 234
236 2 760.31 -365.69 15.1 0.105 235
237 2 761.56 -365.9 15.1 0.105 236
238 2 764.87 -365.9 15.1 0.105 237
239 2 769.63 -365.9 15.1 0.105 238
240 2 773.16 -367.19 15.1 0.105 239
241 2 775.85 -368.04 15.1 0.105 240
242 2 780.82 -368.9 15.1 0.105 241
243 2 785.17 -370.62 15.1 0.105 242
244 2 789.93 -370.62 15.1 0.105 243
245 2 792.83 -369.33 15.1 0.105 244
246 2 798.95 -368.73 15.1 0.105 245
247 2 804.13 -368.52 15.1 0.105 246
248 2 806.61 -371.09 15.1 0.105 247
249 2 808.35 -372.99 15.1 0.105 248
250 2 808.76 -375.77 15.1 0.105 249
251 2 811.04 -377.27 15.1 0.105 250
252 2 811.66 -380.7 15.1 0.105 251
253 2 814.15 -382.63 15.1 0.105 252
254 2 817.88 -384.99 15.1 0.105 253
255 2 821.61 -385.63 15.1 0.105 254
256 2 824.09 -386.92 15.1 0.105 255
257 2 825.96 -387.77 15.1 0.105 256
258 2 828.86 -389.27 15.1 0.105 257
259 2 831.76 -389.92 15.1 0.105 258
260 2 835.07 -390.77 15.1 0.105 259
261 2 836.31 -392.7 15.1 0.105 260
262 2 837.14 -393.99 15.1 0.105 261
263 2 838.59 -395.92 15.1 0.105 262
264 2 838.8 -398.06 15.1 0.105 263
265 2 839.42 -399.78 15.1 0.105 264
266 2 840.87 -402.35 9.55 0.105 265
267 2 841.08 -404.92 9.55 0.105 266
268 2 842.11 -407.06 9.55 0.105 267
269 2 843.35 -410.06 9.55 0.105 268
270 2 845.77 -410.91 9.55 0.105 269
271 2 846.6 -409.84 9.55 0.105 270
272 2 848.26 -408.56 9.55 0.105 271
273 2 848.88 -407.49 9.55 0.105 272
274 2 851.57 -407.06 9.55 0.105 273
275 2 854.88 -407.27 9.55 0.105 274
276 2 857.78 -406.84 9.55 0.105 275
277 2 859.23 -405.13 9.55 0.105 276
278 2 861.72 -405.13 9.55 0.105 277
279 2 863.58 -405.56 9.55 0.105 278
280 2 866.28 -405.13 15.13 0.105 279
281 2 870.42 -402.98 15.13 0.105 280
282 2 870.63 -399.77 15.13 0.105 281
283 2 872.28 -398.7 15.13 0.105 282
284 2 873.94 -399.34 15.13 0.105 283
285 2 875.18 -401.27 15.13 0.105 284
286 2 876.84 -402.77 15.13 0.105 285
287 2 879.33 -405.56 15.13 0.105 286
288 2 879.33 -407.91 15.13 0.105 287
289 2 879.53 -409.84 15.13 0.105 288
290 2 879.95 -411.13 15.13 0.105 289
291 2 880.36 -413.06 15.13 0.105 290
292 2 881.4 -416.27 15.13 0.105 291
293 2 882.85 -417.99 15.13 0.105 292
294 2 883.88 -420.77 15.13 0.105 293
295 2 809.51 -370.23 11.35 0.105 248
296 2 812.0 -368.52 11.35 0.105 295
297 2 815.31 -370.44 11.35 0.105 296
298 2 817.59 -371.09 11.35 0.105 297
299 2 819.25 -371.95 11.35 0.105 298
300 2 821.11 -374.73 11.35 0.105 299
301 2 825.46 -377.95 11.35 0.105 300
302 2 827.12 -379.66 11.35 0.105 301
303 2 829.4 -381.59 11.35 0.105 302
304 2 832.5 -384.16 11.35 0.105 303
305 2 833.95 -387.16 11.35 0.105 304
306 2 836.44 -388.66 11.35 0.105 305
307 2 838.72 -390.38 11.35 0.105 306
308 2 842.24 -392.52 11.35 0.105 307
309 2 844.73 -393.59 11.35 0.105 308
310 2 849.35 -396.34 11.35 0.105 309
311 2 854.53 -398.49 11.35 0.105 310
312 2 858.67 -399.77 11.35 0.105 311
313 2 862.81 -400.63 11.35 0.105 312
314 2 866.96 -401.06 14.11 0.105 313
315 2 869.86 -401.06 14.12 0.105 314
316 2 873.79 -403.84 11.13 0.105 315
317 2 876.69 -405.99 11.13 0.105 316
318 2 880.83 -408.13 11.13 0.105 317
319 2 883.94 -409.2 11.13 0.105 318
320 2 887.67 -409.42 11.13 0.105 319
321 2 891.52 -411.17 11.13 0.105 320
322 2 894.21 -412.46 11.13 0.105 321
323 2 896.49 -414.17 11.13 0.105 322
324 2 901.46 -417.39 11.13 0.105 323
325 2 904.36 -418.67 11.13 0.105 324
326 2 908.09 -420.6 11.13 0.105 325
327 2 910.99 -421.46 11.13 0.105 326
328 2 913.48 -422.32 11.13 0.105 327
329 2 916.38 -422.53 11.13 0.105 328
330 2 919.69 -424.03 11.13 0.105 329
331 2 921.55 -425.32 11.13 0.105 330
332 2 923.21 -426.6 11.13 0.105 331
333 2 924.87 -427.89 11.13 0.105 332
334 2 793.87 -366.54 13.29 0.105 245
335 2 795.94 -363.97 13.29 0.105 334
336 2 798.22 -360.97 13.29 0.105 335
337 2 800.08 -360.11 13.29 0.105 336
338 2 803.09 -359.51 13.29 0.105 337
339 2 806.41 -358.23 10.07 0.105 338
340 2 809.72 -357.16 10.07 0.105 339
341 2 812.0 -356.51 10.07 0.105 340
342 2 815.31 -356.09 10.07 0.105 341
343 2 818.42 -354.59 10.07 0.105 342
344 2 819.25 -352.44 10.07 0.105 343
345 2 822.98 -350.73 10.07 0.105 344
346 2 827.12 -350.94 10.07 0.105 345
347 2 829.81 -349.23 10.07 0.105 346
348 2 830.43 -347.08 10.07 0.105 347
349 2 831.47 -342.37 10.07 0.105 348
350 2 832.5 -338.51 10.07 0.105 349
351 2 833.95 -334.22 10.07 0.105 350
352 2 834.16 -331.22 10.07 0.105 351
353 2 540.41 -295.33 11.94 0.105 161
354 2 545.39 -294.04 11.94 0.105 353
355 2 546.63 -292.33 11.94 0.105 354
356 2 549.74 -291.47 11.94 0.105 355
357 2 550.78 -290.83 11.94 0.105 356
358 2 552.42 -289.97 11.94 0.105 357
359 2 554.09 -289.11 11.94 0.105 358
360 2 555.75 -288.04 11.94 0.105 359
361 2 558.23 -287.39 11.94 0.105 360
362 2 560.72 -286.11 11.94 0.105 361
363 2 563.0 -283.97 11.94 0.105 362
364 2 564.45 -282.89 11.94 0.105 363
365 2 565.69 -282.04 11.94 0.105 364
366 2 569.41 -280.11 11.41 0.105 365
367 2 571.49 -279.04 8.24 0.105 366
368 2 573.66 -278.63 8.24 0.105 367
369 2 574.91 -277.56 8.24 0.105 368
370 2 576.36 -275.83 8.24 0.105 369
371 2 579.04 -275.41 8.24 0.105 370
372 2 581.53 -274.13 8.24 0.105 371
373 2 582.36 -271.77 8.24 0.105 372
374 2 583.4 -270.27 8.24 0.105 373
375 2 584.42 -268.98 8.24 0.105 374
376 2 584.85 -268.33 8.24 0.105 375
377 2 587.54 -267.27 7.28 0.105 376
378 2 591.05 -264.7 7.28 0.105 377
379 2 593.34 -261.7 7.28 0.105 378
380 2 594.16 -259.33 7.28 0.105 379
381 2 596.24 -255.05 7.28 0.105 380
382 2 598.3 -252.7 7.28 0.105 381
383 2 598.73 -250.77 7.28 0.105 382
384 2 599.35 -249.48 7.28 0.105 383
385 2 600.17 -247.98 7.28 0.105 384
386 2 601.83 -246.7 7.28 0.105 385
387 2 602.45 -244.77 7.28 0.105 386
388 2 602.87 -244.12 7.28 0.105 387
389 2 607.42 -243.48 7.28 0.105 388
390 2 610.53 -242.41 7.28 0.105 389
391 2 613.85 -240.91 7.28 0.105 390
392 2 615.91 -240.48 7.28 0.105 391
393 2 620.34 -238.1 7.28 0.105 392
394 2 623.86 -237.46 7.28 0.105 393
395 2 627.17 -236.81 7.28 0.105 394
396 2 629.25 -235.74 7.28 0.105 395
397 2 630.49 -234.67 7.28 0.105 396
398 2 634.84 -234.03 7.28 0.105 397
399 2 637.74 -231.67 7.28 0.105 398
400 2 639.8 -230.38 7.28 0.105 399
401 2 643.13 -229.53 7.28 0.105 400
402 2 644.37 -227.6 5.21 0.105 401
403 2 647.89 -226.31 5.21 0.105 402
404 2 651.62 -225.46 5.21 0.105 403
405 2 575.74 -280.77 9.99 0.105 367
406 2 578.22 -282.7 9.99 0.105 405
407 2 580.5 -284.2 9.99 0.105 406
408 2 584.42 -287.42 9.99 0.105 407
409 2 585.88 -288.7 9.99 0.105 408
410 2 588.78 -290.2 9.99 0.105 409
411 2 590.86 -290.63 11.27 0.105 410
412 2 593.13 -291.49 12.05 0.105 411
413 2 217.21 -146.83 12.15 0.105 58
414 2 219.28 -145.11 12.15 0.105 413
415 2 222.39 -143.83 14.43 0.105 414
416 2 225.91 -143.19 13.67 0.105 415
417 2 228.61 -143.4 13.67 0.105 416
418 2 229.85 -142.33 13.67 0.105 417
419 2 229.85 -141.26 13.67 0.105 418
420 2 232.33 -141.04 13.67 0.105 419
421 2 234.61 -142.33 13.67 0.105 420
422 2 236.68 -142.11 13.67 0.105 421
423 2 238.34 -143.61 13.67 0.105 422
424 2 239.58 -145.11 13.67 0.105 423
425 2 242.9 -145.76 13.67 0.105 424
426 2 246.83 -148.54 14.36 0.105 425
427 2 249.79 -149.41 14.35 0.105 426
428 2 252.49 -151.34 14.35 0.105 427
429 2 254.76 -153.06 14.35 0.105 428
430 2 256.42 -155.41 14.35 0.105 429
431 2 259.94 -156.49 14.35 0.105 430
432 2 263.67 -157.99 14.35 0.105 431
433 2 265.12 -159.06 14.35 0.105 432
434 2 268.85 -160.77 14.35 0.105 433
435 2 271.13 -161.85 14.35 0.105 434
436 2 273.41 -162.27 14.35 0.105 435
437 2 275.68 -162.91 14.35 0.105 436
438 2 277.55 -164.42 14.35 0.105 437
439 2 280.64 -164.42 14.35 0.105 438
440 2 282.31 -166.56 13.98 0.105 439
441 2 285.2 -168.49 13.98 0.105 440
442 2 287.49 -170.2 13.98 0.105 441
443 2 289.35 -171.06 13.98 0.105 442
444 2 290.8 -172.13 13.98 0.105 443
445 2 295.66 -173.87 13.98 0.105 444
446 2 298.35 -176.44 13.98 0.105 445
447 2 301.04 -177.94 13.98 0.105 446
448 2 305.39 -179.44 13.98 0.105 447
449 2 307.45 -179.66 13.98 0.105 448
450 2 312.02 -182.02 13.98 0.105 449
451 2 315.33 -182.87 13.98 0.105 450
452 2 319.89 -183.73 12.65 0.105 451
453 2 321.13 -185.02 12.56 0.105 452
454 2 324.45 -187.16 12.56 0.105 453
455 2 327.97 -188.02 12.56 0.105 454
456 2 332.94 -188.23 12.56 0.105 455
457 2 335.01 -189.52 12.56 0.105 456
458 2 340.27 -191.49 12.05 0.105 457
459 2 178.15 -144.27 13.55 0.105 48
460 2 174.83 -143.84 13.55 0.105 459
461 2 172.14 -142.77 13.55 0.105 460
462 2 169.45 -140.84 11.4 0.105 461
463 2 167.79 -139.56 11.4 0.105 462
464 2 165.72 -137.41 11.4 0.105 463
465 2 163.44 -136.56 12.23 0.105 464
466 2 161.58 -136.99 12.23 0.105 465
467 2 158.94 -135.05 12.23 0.105 466
468 2 156.66 -134.19 12.23 0.105 467
469 2 153.13 -132.47 12.23 0.105 468
470 2 151.69 -130.33 12.23 0.105 469
471 2 149.0 -130.55 12.23 0.105 470
472 2 144.85 -130.55 12.23 0.105 471
473 2 142.78 -128.83 12.23 0.105 472
474 2 139.68 -127.12 12.23 0.105 473
475 2 137.61 -126.26 12.41 0.105 474
476 2 136.36 -124.55 12.41 0.105 475
477 2 133.88 -123.47 10.39 0.105 476
478 2 130.77 -122.83 12.1 0.105 477
479 2 128.49 -121.76 12.1 0.105 478
480 2 125.59 -120.9 9.15 0.105 479
481 2 122.9 -119.4 9.57 0.105 480
482 2 122.07 -118.76 12.57 0.105 481
483 2 117.93 -116.83 12.57 0.105 482
484 2 116.69 -114.47 12.57 0.105 483
485 2 113.93 -112.72 11.06 0.105 484
486 2 112.28 -110.36 11.06 0.105 485
487 2 111.03 -108.65 10.35 0.105 486
488 2 110.0 -106.72 10.35 0.105 487
489 2 105.23 -107.36 10.35 0.105 488
490 2 104.4 -105.22 10.35 0.105 489
491 2 99.64 -104.15 10.35 0.105 490
492 2 96.95 -100.5 10.35 0.105 491
493 2 96.53 -97.93 10.35 0.105 492
494 2 93.63 -97.29 10.35 0.105 493
495 2 88.46 -96.86 10.35 0.105 494
496 2 87.83 -94.5 7.26 0.105 495
497 2 89.08 -90.86 7.26 0.105 496
498 2 87.63 -87.22 7.26 0.105 497
499 2 85.35 -85.5 7.26 0.105 498
500 2 82.04 -83.57 7.26 0.105 499
501 2 80.79 -82.29 8.26 0.105 500
502 2 78.93 -81.22 8.26 0.105 501
503 2 77.89 -78.86 8.26 0.105 502
504 2 76.03 -76.72 8.26 0.105 503
505 2 74.89 -74.34 8.83 0.105 504
506 2 73.03 -71.78 8.83 0.105 505
507 2 69.3 -70.92 4.71 0.105 506
508 2 65.78 -69.42 6.76 0.105 507
509 2 64.12 -66.63 6.77 0.105 508
510 2 60.6 -63.2 4.5 0.105 509
511 2 58.73 -60.63 4.5 0.105 510
512 2 55.63 -57.63 4.5 0.105 511
513 2 52.31 -55.06 4.5 0.105 512
514 2 48.38 -54.63 4.5 0.105 513
515 2 45.89 -52.27 3.46 0.105 514
516 2 43.2 -50.35 3.46 0.105 515
517 2 42.58 -47.56 2.47 0.105 516
518 2 40.51 -48.63 2.47 0.105 517
519 2 38.44 -46.27 2.47 0.105 518
520 2 36.15 -44.13 4.67 0.105 519
521 2 34.71 -41.34 4.67 0.105 520
522 2 31.28 -38.58 3.23 0.105 521
523 2 30.03 -36.65 3.23 0.105 522
524 2 28.79 -32.79 4.51 0.105 523
525 2 25.89 -28.93 2.27 0.105 524
526 2 23.82 -25.72 2.27 0.105 525
527 2 22.37 -23.15 2.27 0.105 526
528 2 21.75 -20.36 2.27 0.105 527
529 2 20.92 -16.72 2.27 0.105 528
530 2 18.85 -13.5 2.27 0.105 529
531 2 17.61 -10.93 -1.29 0.105 530
532 2 15.95 -9.0 -1.29 0.105 531
533 2 14.08 -7.72 -1.29 0.105 532
534 2 12.84 -4.5 0.0 0.105 533
535 2 11.18 -2.36 0.0 0.105 534
536 2 9.74 -0.86 0.0 0.105 535
537 2 9.52 -0.43 0.0 0.105 536
538 2 7.66 2.36 0.0 0.105 537
539 2 7.04 4.07 0.0 0.105 538
540 2 7.04 6.22 0.0 0.105 539
541 2 4.55 7.29 0.0 0.105 540
542 2 3.11 6.22 0.0 0.105 541
543 2 1.24 4.5 0.0 0.105 542
544 2 0.0 2.36 0.0 0.105 543
545 2 -0.41 -0.64 0.0 0.105 544
