1 2 664.71 -774.71 3.26 0.105 -1
2 2 664.1 -771.49 3.27 0.105 1
3 2 665.76 -769.56 3.27 0.105 2
4 2 667.62 -768.28 3.27 0.105 3
5 2 665.96 -766.99 3.27 0.105 4
6 2 663.89 -764.21 2.5 0.105 5
7 2 662.23 -759.49 -0.23 0.105 6
8 2 659.13 -755.2 0.43 0.105 7
9 2 658.71 -751.78 0.42 0.105 8
10 2 656.44 -747.06 0.42 0.105 9
11 2 655.19 -742.77 0.42 0.105 10
12 2 653.95 -740.63 0.42 0.105 11
13 2 651.46 -736.13 0.42 0.105 12
14 2 652.2 -733.79 -0.15 0.105 13
15 2 652.2 -731.65 -0.15 0.105 14
16 2 651.37 -729.08 0.67 0.105 15
17 2 648.47 -725.86 2.25 0.105 16
18 2 647.23 -722.65 2.25 0.105 17
19 2 646.61 -721.36 2.25 0.105 18
20 2 646.4 -719.01 2.25 0.105 19
21 2 646.4 -716.65 2.25 0.105 20
22 2 645.57 -715.79 2.25 0.105 21
23 2 642.66 -713.65 4.01 0.105 22
24 2 641.42 -711.72 4.01 0.105 23
25 2 640.6 -709.15 4.01 0.105 24
26 2 639.77 -706.79 4.01 0.105 25
27 2 639.36 -704.86 4.01 0.105 26
28 2 639.15 -702.29 4.01 0.105 27
29 2 637.49 -699.72 4.01 0.105 28
30 2 635.84 -698.43 4.01 0.105 29
31 2 634.39 -695.0 7.43 0.105 30
32 2 631.62 -691.56 7.43 0.105 31
33 2 630.79 -688.35 7.43 0.105 32
34 2 628.72 -685.78 7.43 0.105 33
35 2 627.89 -682.99 7.43 0.105 34
36 2 626.23 -679.78 7.43 0.105 35
37 2 625.2 -677.85 7.43 0.105 36
38 2 624.37 -674.42 7.43 0.105 37
39 2 622.51 -670.99 5.92 0.105 38
40 2 622.09 -668.2 5.92 0.105 39
41 2 620.44 -667.35 5.92 0.105 40
42 2 617.33 -666.06 5.92 0.105 41
43 2 614.64 -663.27 5.92 0.105 42
44 2 615.66 -660.06 6.4 0.105 43
45 2 615.88 -657.7 5.66 0.105 44
46 2 614.64 -654.7 4.78 0.105 45
47 2 613.6 -652.13 3.35 0.105 46
48 2 613.33 -649.8 0.68 0.105 47
49 2 611.88 -647.45 0.68 0.105 48
50 2 611.88 -644.02 0.68 0.105 49
51 2 613.12 -640.16 1.14 0.105 50
52 2 613.12 -637.59 3.19 0.105 51
53 2 613.54 -635.23 3.19 0.105 52
54 2 613.12 -633.95 3.19 0.105 53
55 2 610.42 -630.73 1.33 0.105 54
56 2 611.46 -628.59 1.33 0.105 55
57 2 611.04 -626.02 1.62 0.105 56
58 2 611.04 -622.79 -0.76 0.105 57
59 2 611.26 -620.02 -0.76 0.105 58
60 2 612.29 -617.66 -0.76 0.105 59
61 2 613.33 -615.73 -0.75 0.105 60
62 2 611.46 -612.09 -2.42 0.105 61
63 2 612.16 -608.91 -1.24 0.105 62
64 2 613.19 -607.41 -1.24 0.105 63
65 2 614.44 -603.54 -1.25 0.105 64
66 2 614.44 -601.19 -1.25 0.105 65
67 2 613.19 -597.54 -4.51 0.105 66
68 2 614.02 -593.69 -4.51 0.105 67
69 2 614.44 -590.69 -4.09 0.105 68
70 2 614.44 -587.26 -4.09 0.105 69
71 2 616.09 -584.47 -4.09 0.105 70
72 2 616.51 -581.47 -4.09 0.105 71
73 2 616.09 -579.33 -4.09 0.105 72
74 2 613.8 -576.12 -3.26 0.105 73
75 2 609.04 -571.4 -7.06 0.105 74
76 2 607.32 -567.95 -0.95 0.105 75
77 2 611.66 -568.79 -0.95 0.105 76
78 2 613.74 -570.73 -0.95 0.105 77
79 2 618.5 -573.29 -2.08 0.105 78
80 2 622.03 -574.38 -2.08 0.105 79
81 2 624.92 -576.09 -2.08 0.105 80
82 2 626.16 -577.16 -2.08 0.105 81
83 2 628.24 -578.23 -2.08 0.105 82
84 2 629.07 -579.09 -2.08 0.105 83
85 2 632.91 -583.14 -2.08 0.105 84
86 2 634.79 -586.36 -2.08 0.105 85
87 2 637.48 -588.92 -2.08 0.105 86
88 2 638.51 -591.07 -2.08 0.105 87
89 2 639.96 -593.22 -2.08 0.105 88
90 2 642.03 -596.42 -2.59 0.105 89
91 2 643.28 -599.22 -0.77 0.105 90
92 2 644.92 -601.79 -0.77 0.105 91
93 2 647.21 -605.86 -0.77 0.105 92
94 2 649.7 -608.22 -0.85 0.105 93
95 2 652.6 -609.92 -1.28 0.105 94
96 2 654.66 -611.65 -2.06 0.105 95
97 2 657.16 -613.36 -2.06 0.105 96
98 2 659.43 -615.08 -2.06 0.105 97
99 2 664.4 -617.86 -1.58 0.105 98
100 2 667.51 -621.51 -1.58 0.105 99
101 2 670.29 -625.33 -2.95 0.105 100
102 2 672.36 -628.33 -2.95 0.105 101
103 2 674.43 -630.04 -2.94 0.105 102
104 2 679.19 -634.33 -1.42 0.105 103
105 2 682.09 -635.83 -1.41 0.105 104
106 2 683.13 -637.76 -1.41 0.105 105
107 2 686.44 -639.48 0.56 0.105 106
108 2 689.13 -641.19 0.56 0.105 107
109 2 691.21 -643.98 0.56 0.105 108
110 2 693.9 -646.76 0.56 0.105 109
111 2 694.11 -648.91 0.56 0.105 110
112 2 695.35 -651.48 0.56 0.105 111
113 2 697.01 -654.69 0.56 0.105 112
114 2 699.08 -656.84 0.56 0.105 113
115 2 700.94 -659.62 0.56 0.105 114
116 2 703.01 -662.84 0.56 0.105 115
117 2 706.61 -666.73 0.56 0.105 116
118 2 709.51 -670.59 0.56 0.105 117
119 2 712.21 -673.37 0.56 0.105 118
120 2 715.73 -675.95 0.56 0.105 119
121 2 717.59 -678.52 0.56 0.105 120
122 2 720.91 -682.16 0.56 0.105 121
123 2 724.84 -685.38 0.56 0.105 122
124 2 727.53 -687.52 0.56 0.105 123
125 2 731.06 -690.95 -0.55 0.105 124
126 2 733.33 -692.88 -0.55 0.105 125
127 2 736.44 -695.88 -0.55 0.105 126
128 2 738.72 -697.59 -0.55 0.105 127
129 2 739.96 -700.38 -0.55 0.105 128
130 2 741.0 -702.74 -0.55 0.105 129
131 2 744.1 -705.09 -0.55 0.105 130
132 2 747.92 -708.72 -0.55 0.105 131
133 2 750.41 -711.07 -0.55 0.105 132
134 2 753.93 -714.5 -0.55 0.105 133
135 2 757.45 -717.29 -0.55 0.105 134
136 2 759.73 -720.93 -0.88 0.105 135
137 2 761.8 -723.08 -0.88 0.105 136
138 2 762.83 -725.0 -0.88 0.105 137
139 2 764.91 -728.22 -1.62 0.105 138
140 2 768.01 -732.08 -0.32 0.105 139
141 2 769.88 -735.29 -2.66 0.105 140
142 2 770.91 -737.65 -2.66 0.105 141
143 2 772.78 -740.65 -2.66 0.105 142
144 2 774.64 -742.79 -2.66 0.105 143
145 2 776.3 -744.94 -2.66 0.105 144
146 2 778.16 -746.22 -3.05 0.105 145
147 2 780.99 -750.03 -3.05 0.105 146
148 2 783.89 -751.96 -2.72 0.105 147
149 2 786.58 -755.39 -2.72 0.105 148
150 2 789.48 -758.6 -2.65 0.105 149
151 2 791.76 -761.17 -0.73 0.105 150
152 2 793.62 -764.6 -0.73 0.105 151
153 2 796.73 -766.1 -0.73 0.105 152
154 2 799.01 -768.68 -0.73 0.105 153
155 2 801.08 -770.6 -0.73 0.105 154
156 2 805.22 -774.03 -0.73 0.105 155
157 2 807.08 -776.39 -0.73 0.105 156
158 2 810.6 -779.18 -1.67 0.105 157
159 2 814.75 -782.18 -1.67 0.105 158
160 2 817.44 -785.82 -2.88 0.105 159
161 2 819.1 -787.96 -2.88 0.105 160
162 2 821.47 -790.54 1.0 0.105 161
163 2 825.41 -793.12 -0.56 0.105 162
164 2 827.27 -795.9 -0.56 0.105 163
165 2 829.76 -798.47 -0.56 0.105 164
166 2 833.9 -801.47 -0.56 0.105 165
167 2 837.21 -804.26 -0.56 0.105 166
168 2 838.46 -806.19 -0.56 0.105 167
169 2 840.94 -809.19 -0.56 0.105 168
170 2 845.08 -811.55 -1.45 0.105 169
171 2 848.19 -813.48 -1.45 0.105 170
172 2 852.13 -816.69 -1.45 0.105 171
173 2 854.61 -818.41 -1.45 0.105 172
174 2 857.72 -822.05 -1.45 0.105 173
175 2 856.68 -825.26 -1.45 0.105 174
176 2 858.34 -826.34 -1.45 0.105 175
177 2 860.0 -828.69 -1.45 0.105 176
178 2 861.54 -832.32 -1.45 0.105 177
179 2 861.96 -834.67 -1.45 0.105 178
180 2 864.86 -837.03 -0.21 0.105 179
181 2 867.76 -840.46 -0.21 0.105 180
182 2 870.24 -843.25 -0.21 0.105 181
183 2 872.73 -844.96 -0.21 0.105 182
184 2 875.01 -846.25 -0.21 0.105 183
185 2 878.32 -848.82 -0.21 0.105 184
186 2 882.46 -850.32 -0.21 0.105 185
187 2 884.74 -852.46 -0.21 0.105 186
188 2 887.43 -853.96 -0.21 0.105 187
189 2 891.58 -856.32 -0.21 0.105 188
190 2 892.4 -858.03 -0.21 0.105 189
191 2 896.96 -861.25 -0.21 0.105 190
192 2 899.03 -863.61 -0.21 0.105 191
193 2 901.52 -865.96 0.21 0.105 192
194 2 904.0 -867.46 0.21 0.105 193
195 2 907.61 -871.33 0.21 0.105 194
196 2 909.06 -871.97 0.21 0.105 195
197 2 910.31 -872.83 0.21 0.105 196
198 2 911.96 -873.9 0.21 0.105 197
199 2 913.21 -874.97 0.21 0.105 198
200 2 916.11 -876.9 0.21 0.105 199
201 2 919.83 -878.83 0.18 0.105 200
202 2 922.11 -880.12 0.18 0.105 201
203 2 924.39 -882.26 0.18 0.105 202
204 2 926.46 -884.19 0.18 0.105 203
205 2 927.71 -885.48 -0.3 0.105 204
206 2 930.19 -888.26 -0.3 0.105 205
207 2 932.88 -890.83 -0.3 0.105 206
208 2 935.78 -893.41 -1.17 0.105 207
209 2 940.75 -897.26 -1.17 0.105 208
210 2 943.24 -898.76 -1.17 0.105 209
211 2 944.9 -899.62 -1.17 0.105 210
212 2 948.42 -903.05 -1.17 0.105 211
213 2 953.88 -904.57 -1.17 0.105 212
214 2 956.98 -906.5 -1.17 0.105 213
215 2 959.68 -907.57 -1.17 0.105 214
216 2 962.99 -908.86 -1.17 0.105 215
217 2 964.65 -909.93 -1.17 0.105 216
218 2 968.17 -912.07 -1.17 0.105 217
219 2 970.86 -914.43 -1.17 0.105 218
220 2 974.18 -915.72 -1.17 0.105 219
221 2 976.66 -917.43 -1.17 0.105 220
222 2 977.28 -917.86 -1.17 0.105 221
223 2 978.53 -920.0 -1.17 0.105 222
224 2 980.39 -921.08 -1.17 0.105 223
225 2 983.08 -922.36 0.74 0.105 224
226 2 986.81 -923.65 0.74 0.105 225
227 2 991.37 -925.36 -0.17 0.105 226
228 2 993.36 -927.94 -0.17 0.105 227
229 2 996.05 -929.66 -0.17 0.105 228
230 2 999.57 -931.37 2.13 0.105 229
231 2 1001.43 -933.3 2.13 0.105 230
232 2 1003.09 -934.37 2.13 0.105 231
233 2 1004.33 -934.59 2.13 0.105 232
234 2 1007.86 -936.73 2.34 0.105 233
235 2 1009.31 -939.3 2.34 0.105 234
236 2 1011.79 -940.8 2.13 0.105 235
237 2 1015.52 -943.8 2.13 0.105 236
238 2 1018.21 -945.09 2.13 0.105 237
239 2 1020.7 -946.8 2.13 0.105 238
240 2 1022.35 -947.45 2.13 0.105 239
241 2 1025.25 -948.3 2.13 0.105 240
242 2 1029.81 -950.23 2.13 0.105 241
243 2 1030.43 -952.81 2.13 0.105 242
244 2 1031.88 -954.31 2.13 0.105 243
245 2 1034.36 -955.81 2.13 0.105 244
246 2 1037.19 -958.56 2.13 0.105 245
247 2 1039.46 -960.27 2.13 0.105 246
248 2 1042.78 -962.84 2.13 0.105 247
249 2 1042.57 -962.84 2.13 0.105 248
250 2 1045.88 -964.99 1.5 0.105 249
251 2 1047.33 -966.49 1.5 0.105 250
252 2 1049.6 -968.2 1.5 0.105 251
253 2 1053.33 -969.27 1.5 0.105 252
254 2 1057.48 -971.2 1.5 0.105 253
255 2 1058.93 -973.13 1.5 0.105 254
256 2 1061.42 -975.49 1.5 0.105 255
257 2 1064.73 -976.99 1.5 0.105 256
258 2 1067.43 -977.2 1.5 0.105 257
259 2 1067.83 -978.06 1.5 0.105 258
260 2 1069.7 -979.35 1.5 0.105 259
261 2 1072.4 -981.71 1.5 0.105 260
262 2 1076.95 -984.71 0.6 0.105 261
263 2 1077.78 -986.42 0.43 0.105 262
264 2 1080.79 -988.73 3.64 0.105 263
265 2 1082.66 -990.23 3.09 0.105 264
266 2 1085.56 -992.59 0.18 0.105 265
267 2 1086.58 -993.66 0.18 0.105 266
268 2 1089.49 -995.37 0.18 0.105 267
269 2 1092.59 -997.3 0.18 0.105 268
270 2 1095.29 -998.8 0.18 0.105 269
271 2 1099.43 -1002.02 0.18 0.105 270
272 2 1100.68 -1002.87 0.18 0.105 271
273 2 1105.85 -1006.73 0.18 0.105 272
274 2 1108.76 -1009.73 0.18 0.105 273
275 2 1110.41 -1012.09 0.18 0.105 274
276 2 1112.48 -1013.59 0.18 0.105 275
277 2 1114.14 -1015.52 0.18 0.105 276
278 2 1116.0 -1017.02 0.18 0.105 277
279 2 1118.28 -1021.74 0.18 0.105 278
280 2 1119.32 -1023.45 0.18 0.105 279
281 2 1122.01 -1025.58 0.18 0.105 280
282 2 1123.75 -1029.64 1.83 0.105 281
283 2 1127.48 -1032.85 1.83 0.105 282
284 2 1128.72 -1035.43 1.83 0.105 283
285 2 1130.58 -1037.57 1.83 0.105 284
286 2 1132.85 -1040.15 1.83 0.105 285
287 2 1134.1 -1041.85 1.83 0.105 286
288 2 1135.34 -1044.0 1.83 0.105 287
289 2 1136.58 -1045.93 1.83 0.105 288
290 2 1139.28 -1050.22 1.35 0.105 289
291 2 1141.77 -1053.01 1.35 0.105 290
292 2 1144.26 -1055.58 1.35 0.105 291
293 2 1145.71 -1058.15 0.44 0.105 292
294 2 1147.35 -1059.65 0.95 0.105 293
295 2 1148.81 -1061.35 0.95 0.105 294
296 2 1153.99 -1064.35 0.95 0.105 295
297 2 1156.27 -1066.08 0.95 0.105 296
298 2 1161.99 -1068.43 0.95 0.105 297
299 2 1165.08 -1071.43 0.95 0.105 298
300 2 1167.58 -1073.79 0.95 0.105 299
301 2 1171.31 -1074.22 0.95 0.105 300
302 2 1175.45 -1077.65 0.95 0.105 301
303 2 1178.56 -1079.35 1.82 0.105 302
304 2 1181.25 -1081.07 1.82 0.105 303
305 2 1184.56 -1085.79 1.82 0.105 304
306 2 1185.81 -1087.5 1.82 0.105 305
307 2 1189.33 -1089.43 2.33 0.105 306
308 2 1191.59 -1093.29 1.29 0.105 307
309 2 1193.47 -1095.22 1.29 0.105 308
310 2 1195.54 -1097.79 1.29 0.105 309
311 2 1197.4 -1100.79 1.29 0.105 310
312 2 1199.27 -1102.72 1.29 0.105 311
313 2 1203.11 -1105.24 2.93 0.105 312
314 2 1206.02 -1108.67 2.93 0.105 313
315 2 1207.89 -1110.39 2.93 0.105 314
316 2 1210.58 -1112.53 2.93 0.105 315
317 2 1212.23 -1115.09 2.93 0.105 316
318 2 1215.55 -1118.53 2.93 0.105 317
319 2 1220.1 -1122.39 2.93 0.105 318
320 2 1221.76 -1124.96 2.93 0.105 319
321 2 1223.42 -1126.68 2.93 0.105 320
322 2 1224.66 -1127.96 2.93 0.105 321
323 2 1227.35 -1132.03 2.93 0.105 322
324 2 1229.83 -1133.96 2.93 0.105 323
325 2 1233.98 -1136.96 2.93 0.105 324
326 2 1236.88 -1139.1 2.93 0.105 325
327 2 1238.75 -1141.89 2.93 0.105 326
328 2 1241.84 -1145.32 2.93 0.105 327
329 2 1244.69 -1148.06 2.93 0.105 328
330 2 1245.93 -1151.06 2.93 0.105 329
331 2 1248.0 -1153.2 2.93 0.105 330
332 2 1250.48 -1155.34 2.93 0.105 331
333 2 1254.21 -1158.77 2.93 0.105 332
334 2 1257.53 -1161.34 2.89 0.105 333
335 2 1261.67 -1163.92 4.62 0.105 334
336 2 1263.95 -1166.7 5.62 0.105 335
337 2 1267.06 -1169.49 5.52 0.105 336
338 2 1270.58 -1171.63 5.52 0.105 337
339 2 1273.68 -1176.56 5.52 0.105 338
340 2 1276.79 -1181.49 5.52 0.105 339
341 2 1279.48 -1185.99 5.52 0.105 340
342 2 1282.91 -1188.33 3.97 0.105 341
343 2 1284.98 -1191.97 3.97 0.105 342
344 2 1287.67 -1194.97 3.97 0.105 343
345 2 1290.35 -1197.55 3.97 0.105 344
346 2 1293.47 -1200.55 3.97 0.105 345
347 2 1295.13 -1202.47 3.97 0.105 346
348 2 1297.41 -1204.83 5.05 0.105 347
349 2 1299.48 -1209.11 4.92 0.105 348
350 2 1300.72 -1211.26 4.92 0.105 349
351 2 1302.38 -1213.61 4.92 0.105 350
352 2 1304.03 -1216.19 4.92 0.105 351
353 2 1305.69 -1219.41 4.92 0.105 352
354 2 1307.76 -1221.55 4.92 0.105 353
355 2 1309.83 -1225.41 4.92 0.105 354
356 2 1314.6 -1230.33 4.92 0.105 355
357 2 1316.97 -1235.08 4.92 0.105 356
358 2 1320.08 -1238.3 4.92 0.105 357
359 2 1321.53 -1240.45 4.92 0.105 358
360 2 1324.22 -1243.45 4.92 0.105 359
361 2 1327.95 -1246.88 5.48 0.105 360
362 2 1329.81 -1250.3 5.48 0.105 361
363 2 1333.75 -1253.52 5.56 0.105 362
364 2 1336.23 -1256.95 7.24 0.105 363
365 2 1338.1 -1259.73 7.24 0.105 364
366 2 1340.17 -1262.73 7.24 0.105 365
367 2 1343.9 -1267.02 7.24 0.105 366
368 2 1347.83 -1271.08 6.25 0.105 367
369 2 1349.55 -1274.5 6.8 0.105 368
370 2 1351.41 -1276.64 6.8 0.105 369
371 2 1352.86 -1280.07 6.8 0.105 370
372 2 1355.97 -1282.65 6.8 0.105 371
373 2 1358.04 -1285.43 6.8 0.105 372
374 2 1360.11 -1287.35 6.8 0.105 373
375 2 1361.77 -1289.93 6.8 0.105 374
376 2 1363.01 -1291.65 6.8 0.105 375
377 2 1364.05 -1293.15 6.8 0.105 376
378 2 1367.78 -1296.79 8.33 0.105 377
379 2 604.41 -565.59 -1.74 0.105 76
380 2 600.9 -563.44 -1.74 0.105 379
381 2 597.16 -561.73 -1.74 0.105 380
382 2 595.92 -560.87 -1.74 0.105 381
383 2 594.67 -560.23 -1.74 0.105 382
384 2 592.2 -559.59 -1.74 0.105 383
385 2 589.51 -557.66 -1.74 0.105 384
386 2 586.08 -556.33 -1.35 0.105 385
387 2 582.76 -554.19 -1.35 0.105 386
388 2 578.41 -552.91 -1.35 0.105 387
389 2 575.92 -550.12 -1.35 0.105 388
390 2 573.44 -548.62 -1.06 0.105 389
391 2 570.54 -546.26 -0.33 0.105 390
392 2 567.64 -544.33 -0.92 0.105 391
393 2 565.16 -541.76 -0.92 0.105 392
394 2 562.26 -540.04 -0.92 0.105 393
395 2 559.77 -539.19 -0.92 0.105 394
396 2 557.08 -537.26 -0.92 0.105 395
397 2 555.83 -536.19 -0.92 0.105 396
398 2 551.69 -534.47 -0.92 0.105 397
399 2 548.58 -531.26 -0.92 0.105 398
400 2 545.69 -528.69 -0.92 0.105 399
401 2 540.0 -525.48 -2.72 0.105 400
402 2 535.86 -522.04 -2.72 0.105 401
403 2 534.62 -520.54 -2.72 0.105 402
404 2 533.58 -518.83 -2.72 0.105 403
405 2 532.13 -517.33 -2.72 0.105 404
406 2 530.48 -516.26 -2.72 0.105 405
407 2 527.78 -514.76 -2.72 0.105 406
408 2 526.33 -512.83 -2.72 0.105 407
409 2 521.98 -511.76 -2.72 0.105 408
410 2 517.42 -509.62 -0.24 0.105 409
411 2 513.7 -507.69 -2.21 0.105 410
412 2 511.42 -505.55 -2.21 0.105 411
413 2 508.73 -503.83 -2.2 0.105 412
414 2 505.83 -502.33 -2.2 0.105 413
415 2 503.76 -498.04 -3.7 0.105 414
416 2 500.86 -495.9 -3.7 0.105 415
417 2 498.58 -493.54 -3.7 0.105 416
418 2 495.99 -490.99 -3.7 0.105 417
419 2 492.05 -487.56 -3.42 0.105 418
420 2 488.33 -484.78 -3.42 0.105 419
421 2 485.84 -482.42 -3.42 0.105 420
422 2 483.36 -479.21 -3.42 0.105 421
423 2 480.87 -476.21 -3.42 0.105 422
424 2 478.59 -474.7 -3.42 0.105 423
425 2 476.31 -472.35 -3.42 0.105 424
426 2 474.45 -469.78 -3.42 0.105 425
427 2 472.58 -468.49 -3.42 0.105 426
428 2 471.76 -466.56 -3.42 0.105 427
429 2 471.13 -464.42 -3.42 0.105 428
430 2 469.68 -463.13 -3.42 0.105 429
431 2 468.65 -461.2 -2.75 0.105 430
432 2 466.99 -459.49 -2.56 0.105 431
433 2 464.51 -457.13 -1.06 0.105 432
434 2 462.85 -453.7 -1.06 0.105 433
435 2 461.08 -450.29 -1.06 0.105 434
436 2 460.05 -448.58 -1.06 0.105 435
437 2 455.9 -446.22 -1.06 0.105 436
438 2 453.21 -443.65 -1.04 0.105 437
439 2 451.14 -440.86 -0.88 0.105 438
440 2 446.79 -438.29 -2.97 0.105 439
441 2 444.72 -435.93 -2.97 0.105 440
442 2 443.89 -432.72 -2.97 0.105 441
443 2 440.58 -428.86 -3.69 0.105 442
444 2 438.09 -426.07 -2.45 0.105 443
445 2 435.61 -423.29 -2.45 0.105 444
446 2 433.12 -421.15 -2.45 0.105 445
447 2 429.18 -418.15 -2.45 0.105 446
448 2 427.32 -416.0 -2.45 0.105 447
449 2 424.01 -413.43 -3.64 0.105 448
450 2 422.76 -411.72 -3.64 0.105 449
451 2 420.63 -409.54 -3.66 0.105 450
452 2 416.69 -406.75 -3.66 0.105 451
453 2 414.83 -404.61 -3.66 0.105 452
454 2 410.89 -401.39 -3.66 0.105 453
455 2 406.95 -398.18 -3.66 0.105 454
456 2 404.68 -395.61 -3.66 0.105 455
457 2 401.36 -393.46 -3.66 0.105 456
458 2 400.12 -391.75 -3.66 0.105 457
459 2 398.67 -389.82 -3.66 0.105 458
460 2 395.98 -387.68 -4.26 0.105 459
461 2 391.01 -385.1 -4.26 0.105 460
462 2 388.93 -383.17 -4.26 0.105 461
463 2 386.66 -381.67 -4.26 0.105 462
464 2 383.55 -378.67 -4.26 0.105 463
465 2 380.24 -374.82 -4.26 0.105 464
466 2 376.03 -369.71 -2.92 0.105 465
467 2 372.92 -367.78 -2.92 0.105 466
468 2 368.78 -364.99 -2.92 0.105 467
469 2 365.88 -363.49 -2.92 0.105 468
470 2 362.56 -361.35 -2.92 0.105 469
471 2 359.04 -358.99 -2.92 0.105 470
472 2 355.93 -355.99 -2.92 0.105 471
473 2 353.86 -354.28 -4.3 0.105 472
474 2 350.13 -350.42 -4.3 0.105 473
475 2 346.41 -348.06 -3.99 0.105 474
476 2 344.54 -346.56 -3.99 0.105 475
477 2 342.68 -344.42 -3.99 0.105 476
478 2 340.4 -342.7 -3.99 0.105 477
479 2 337.91 -342.06 -3.99 0.105 478
480 2 336.67 -340.56 -3.99 0.105 479
481 2 334.6 -338.42 -3.99 0.105 480
482 2 330.75 -336.52 -3.99 0.105 481
483 2 329.5 -333.95 -3.99 0.105 482
484 2 328.05 -331.16 -3.99 0.105 483
485 2 325.57 -329.02 -3.99 0.105 484
486 2 321.63 -325.58 -0.83 0.105 485
487 2 317.08 -323.02 -3.47 0.105 486
488 2 313.35 -321.52 -3.47 0.105 487
489 2 309.2 -320.45 -3.47 0.105 488
490 2 304.23 -318.3 -3.47 0.105 489
491 2 299.68 -315.73 -0.65 0.105 490
492 2 296.57 -314.87 -2.13 0.105 491
493 2 292.83 -311.66 -2.13 0.105 492
494 2 291.19 -308.87 -2.13 0.105 493
495 2 288.39 -304.39 -3.92 0.105 494
496 2 286.75 -301.61 -3.92 0.105 495
497 2 284.88 -298.18 -3.92 0.105 496
498 2 283.23 -295.82 -3.92 0.105 497
499 2 282.6 -293.02 -3.92 0.105 498
500 2 279.7 -291.75 -1.27 0.105 499
501 2 277.43 -289.39 -1.27 0.105 500
502 2 276.39 -286.82 -1.27 0.105 501
503 2 272.04 -282.95 -1.27 0.105 502
504 2 267.48 -279.95 -1.27 0.105 503
505 2 265.0 -276.95 -1.27 0.105 504
506 2 263.55 -274.82 -1.27 0.105 505
507 2 260.86 -272.67 -2.31 0.105 506
508 2 258.79 -270.1 -3.78 0.105 507
509 2 256.7 -267.52 -3.78 0.105 508
510 2 253.04 -263.64 -3.26 0.105 509
511 2 250.76 -259.79 -3.95 0.105 510
512 2 248.9 -258.08 -3.95 0.105 511
513 2 246.0 -256.79 -2.79 0.105 512
514 2 242.89 -253.79 -0.43 0.105 513
515 2 242.68 -252.93 -0.43 0.105 514
516 2 238.96 -250.58 -3.8 0.105 515
517 2 235.64 -248.65 -3.8 0.105 516
518 2 233.16 -246.08 -3.8 0.105 517
519 2 231.91 -245.22 -3.8 0.105 518
520 2 229.84 -244.36 -3.8 0.105 519
521 2 228.6 -241.58 -3.8 0.105 520
522 2 226.53 -239.22 -3.8 0.105 521
523 2 225.08 -236.43 -3.8 0.105 522
524 2 224.25 -234.5 -3.8 0.105 523
525 2 221.35 -230.65 -3.61 0.105 524
526 2 218.86 -228.72 -3.61 0.105 525
527 2 217.62 -227.43 -3.61 0.105 526
528 2 216.38 -225.5 -3.61 0.105 527
529 2 216.72 -222.04 -3.61 0.105 528
530 2 218.66 -223.57 -2.2 0.105 529
531 2 221.76 -224.0 -2.2 0.105 530
532 2 226.73 -223.79 -2.27 0.105 531
533 2 229.43 -226.14 -2.36 0.105 532
534 2 233.78 -226.79 -2.36 0.105 533
535 2 237.51 -228.72 -2.36 0.105 534
536 2 241.44 -228.93 -2.36 0.105 535
537 2 248.07 -228.29 -2.36 0.105 536
538 2 252.42 -227.64 -2.36 0.105 537
539 2 256.98 -228.5 -2.36 0.105 538
540 2 261.74 -227.0 -2.36 0.105 539
541 2 266.04 -225.47 -1.26 0.105 540
542 2 267.89 -223.33 -1.26 0.105 541
543 2 270.38 -225.04 -1.26 0.105 542
544 2 273.49 -224.4 -1.26 0.105 543
545 2 274.11 -222.9 -1.26 0.105 544
546 2 278.45 -222.26 0.44 0.105 545
547 2 281.98 -223.33 0.44 0.105 546
548 2 286.54 -224.19 0.44 0.105 547
549 2 289.23 -221.61 0.69 0.105 548
550 2 290.27 -217.54 0.69 0.105 549
551 2 292.13 -214.11 0.69 0.105 550
552 2 295.64 -213.47 0.69 0.105 551
553 2 300.42 -215.4 0.69 0.105 552
554 2 303.73 -215.4 0.69 0.105 553
555 2 306.63 -216.47 0.69 0.105 554
556 2 311.04 -219.47 0.46 0.105 555
557 2 316.01 -220.97 -2.0 0.105 556
558 2 320.36 -222.04 -2.7 0.105 557
559 2 324.3 -220.33 -2.7 0.105 558
560 2 326.77 -219.9 -2.7 0.105 559
561 2 330.1 -217.97 -3.68 0.105 560
562 2 332.17 -214.97 -3.68 0.105 561
563 2 335.07 -213.26 -3.68 0.105 562
564 2 337.55 -211.11 -3.68 0.105 563
565 2 338.59 -208.54 -3.68 0.105 564
566 2 340.04 -207.04 -3.68 0.105 565
567 2 342.94 -209.4 -3.68 0.105 566
568 2 345.22 -211.54 -3.68 0.105 567
569 2 347.91 -211.97 -3.68 0.105 568
570 2 351.43 -211.97 -3.68 0.105 569
571 2 354.81 -211.76 2.33 0.105 570
572 2 357.29 -208.97 2.33 0.105 571
573 2 358.74 -207.69 2.33 0.105 572
574 2 360.19 -206.19 2.33 0.105 573
575 2 363.09 -204.9 2.33 0.105 574
576 2 364.96 -204.9 2.33 0.105 575
577 2 368.68 -203.19 2.33 0.105 576
578 2 371.58 -201.47 2.33 0.105 577
579 2 374.9 -201.26 2.33 0.105 578
580 2 378.01 -199.11 2.33 0.105 579
581 2 381.73 -197.61 2.33 0.105 580
582 2 384.22 -195.68 2.33 0.105 581
583 2 384.63 -193.76 2.33 0.105 582
584 2 385.46 -193.11 2.33 0.105 583
585 2 389.81 -189.04 2.33 0.105 584
586 2 213.2 -219.04 -3.61 0.105 529
587 2 210.71 -215.39 -3.61 0.105 586
588 2 208.64 -211.32 -3.61 0.105 587
589 2 207.19 -208.96 -3.73 0.105 588
590 2 203.26 -204.68 -4.84 0.105 589
591 2 202.01 -199.96 -4.84 0.105 590
592 2 202.01 -198.68 -4.84 0.105 591
593 2 201.18 -195.89 -4.84 0.105 592
594 2 200.36 -193.32 -4.84 0.105 593
595 2 196.63 -189.03 -4.84 0.105 594
596 2 195.39 -182.82 -4.84 0.105 595
597 2 192.55 -180.66 -4.84 0.105 596
598 2 190.89 -178.74 -4.84 0.105 597
599 2 188.61 -175.31 -4.84 0.105 598
600 2 187.78 -173.81 -4.84 0.105 599
601 2 186.54 -171.45 -2.49 0.105 600
602 2 185.09 -169.31 -2.49 0.105 601
603 2 181.98 -166.31 -3.16 0.105 602
604 2 179.5 -163.09 -2.4 0.105 603
605 2 177.84 -160.72 -2.4 0.105 604
606 2 174.94 -156.44 -0.52 0.105 605
607 2 171.63 -153.22 -0.52 0.105 606
608 2 168.93 -151.52 -0.52 0.105 607
609 2 164.79 -147.87 -0.52 0.105 608
610 2 161.27 -146.37 -0.52 0.105 609
611 2 157.54 -144.02 1.52 0.105 610
612 2 154.85 -142.94 1.52 0.105 611
613 2 153.19 -141.22 1.52 0.105 612
614 2 150.19 -138.91 1.52 0.105 613
615 2 146.88 -136.12 1.6 0.105 614
616 2 144.6 -134.19 1.6 0.105 615
617 2 142.53 -133.12 1.6 0.105 616
618 2 141.08 -131.19 1.6 0.105 617
619 2 138.38 -129.05 1.6 0.105 618
620 2 137.35 -127.12 1.6 0.105 619
621 2 134.66 -124.76 1.6 0.105 620
622 2 131.96 -122.62 3.12 0.105 621
623 2 129.47 -119.4 3.12 0.105 622
624 2 126.58 -116.83 3.12 0.105 623
625 2 125.33 -114.69 3.12 0.105 624
626 2 123.68 -112.97 3.12 0.105 625
627 2 122.02 -111.05 3.12 0.105 626
628 2 120.36 -107.83 3.12 0.105 627
629 2 118.29 -105.26 3.12 0.105 628
630 2 116.63 -103.54 3.12 0.105 629
631 2 114.56 -102.04 3.12 0.105 630
632 2 112.7 -100.33 3.12 0.105 631
633 2 110.21 -97.54 3.38 0.105 632
634 2 106.62 -96.44 3.38 0.105 633
635 2 103.72 -93.65 3.38 0.105 634
636 2 100.4 -91.51 3.38 0.105 635
637 2 97.92 -89.36 3.38 0.105 636
638 2 95.85 -86.79 3.38 0.105 637
639 2 94.81 -85.51 3.38 0.105 638
640 2 92.95 -83.36 3.38 0.105 639
641 2 90.46 -82.72 3.38 0.105 640
642 2 88.6 -81.65 3.38 0.105 641
643 2 88.39 -80.58 3.38 0.105 642
644 2 88.6 -78.43 3.38 0.105 643
645 2 86.94 -78.22 3.38 0.105 644
646 2 83.63 -75.43 3.38 0.105 645
647 2 80.93 -73.5 3.38 0.105 646
648 2 78.23 -70.5 3.38 0.105 647
649 2 76.17 -67.93 3.38 0.105 648
650 2 74.09 -65.79 3.38 0.105 649
651 2 72.86 -63.64 3.38 0.105 650
652 2 69.13 -61.72 3.38 0.105 651
653 2 65.19 -59.36 3.38 0.105 652
654 2 62.15 -58.06 3.38 0.105 653
655 2 57.18 -58.06 2.04 0.105 654
656 2 53.45 -56.78 2.04 0.105 655
657 2 52.0 -56.13 2.04 0.105 656
658 2 48.48 -54.42 2.04 0.105 657
659 2 46.4 -53.35 2.04 0.105 658
660 2 45.99 -51.42 2.04 0.105 659
661 2 47.44 -49.06 2.04 0.105 660
662 2 46.82 -47.77 2.04 0.105 661
663 2 46.4 -46.06 2.04 0.105 662
664 2 44.75 -42.85 2.15 0.105 663
665 2 42.88 -40.92 2.15 0.105 664
666 2 38.53 -37.49 2.15 0.105 665
667 2 36.88 -35.99 2.15 0.105 666
668 2 34.18 -35.13 2.15 0.105 667
669 2 31.49 -33.63 2.15 0.105 668
670 2 27.97 -32.56 2.19 0.105 669
671 2 24.66 -31.06 2.19 0.105 670
672 2 20.1 -28.91 2.19 0.105 671
673 2 16.57 -26.99 0.0 0.105 672
674 2 14.71 -24.41 0.0 0.105 673
675 2 13.89 -23.77 0.0 0.105 674
676 2 13.06 -20.98 0.0 0.105 675
677 2 12.64 -19.05 0.0 0.105 676
678 2 12.44 -16.48 0.0 0.105 677
679 2 11.4 -13.48 0.0 0.105 678
680 2 9.53 -9.84 0.0 0.105 679
681 2 7.88 -6.84 0.0 0.105 680
682 2 6.01 -4.26 0.0 0.105 681
683 2 3.53 -2.12 0.0 0.105 682
684 2 2.29 -1.48 0.0 0.105 683
685 2 1.04 -0.41 0.0 0.105 684
686 2 0.01 0.23 0.0 0.105 685
