1 2 -543.23 -296.19 72.1 0.105 -1
2 2 -541.16 -295.12 72.3 0.105 1
3 2 -540.53 -292.33 71.88 0.105 2
4 2 -539.29 -294.47 71.88 0.105 3
5 2 -537.42 -297.26 71.88 0.105 4
6 2 -537.22 -299.19 71.88 0.105 5
7 2 -536.17 -302.83 71.88 0.105 6
8 2 -533.08 -302.62 71.89 0.105 7
9 2 -530.59 -300.89 70.27 0.105 8
10 2 -530.17 -298.97 70.02 0.105 9
11 2 -527.9 -295.33 67.39 0.105 10
12 2 -525.21 -293.62 67.39 0.105 11
13 2 -521.89 -291.47 67.39 0.105 12
14 2 -519.82 -289.76 67.39 0.105 13
15 2 -517.96 -287.62 67.39 0.105 14
16 2 -515.89 -283.97 67.39 0.105 15
17 2 -514.02 -281.83 67.39 0.105 16
18 2 -510.85 -280.72 69.31 0.105 17
19 2 -508.78 -278.36 69.31 0.105 18
20 2 -505.46 -276.86 69.31 0.105 19
21 2 -503.39 -273.22 69.31 0.105 20
22 2 -502.15 -271.72 69.31 0.105 21
23 2 -501.32 -270.22 69.31 0.105 22
24 2 -499.66 -267.0 69.31 0.105 23
25 2 -498.42 -264.0 69.31 0.105 24
26 2 -496.14 -260.79 69.31 0.105 25
27 2 -492.62 -255.0 69.31 0.105 26
28 2 -490.55 -252.65 69.31 0.105 27
29 2 -488.89 -250.29 69.31 0.105 28
30 2 -487.24 -248.14 69.34 0.105 29
31 2 -486.41 -245.36 69.34 0.105 30
32 2 -483.92 -243.0 69.34 0.105 31
33 2 -482.47 -241.5 69.34 0.105 32
34 2 -477.79 -240.83 67.34 0.105 33
35 2 -475.3 -238.91 67.34 0.105 34
36 2 -474.27 -237.41 67.34 0.105 35
37 2 -472.2 -235.69 66.93 0.105 36
38 2 -470.33 -234.62 67.18 0.105 37
39 2 -467.85 -233.12 67.18 0.105 38
40 2 -465.16 -231.83 67.18 0.105 39
41 2 -463.71 -230.33 67.18 0.105 40
42 2 -461.63 -227.55 64.19 0.105 41
43 2 -459.56 -226.9 64.19 0.105 42
44 2 -456.25 -223.9 65.09 0.105 43
45 2 -455.42 -221.97 65.09 0.105 44
46 2 -454.18 -221.33 65.09 0.105 45
47 2 -451.28 -220.69 65.09 0.105 46
48 2 -450.03 -218.33 65.09 0.105 47
49 2 -447.14 -214.26 65.09 0.105 48
50 2 -445.69 -212.33 63.96 0.105 49
51 2 -445.48 -209.33 63.3 0.105 50
52 2 -442.37 -211.04 63.3 0.105 51
53 2 -440.3 -209.97 63.11 0.105 52
54 2 -438.02 -208.04 63.11 0.105 53
55 2 -434.82 -208.23 63.13 0.105 54
56 2 -431.71 -207.8 63.13 0.105 55
57 2 -430.26 -205.66 63.13 0.105 56
58 2 -428.6 -203.95 63.14 0.105 57
59 2 -425.29 -200.73 63.14 0.105 58
60 2 -423.22 -198.37 63.14 0.105 59
61 2 -419.08 -197.3 63.14 0.105 60
62 2 -417.01 -195.8 63.14 0.105 61
63 2 -414.93 -193.87 63.14 0.105 62
64 2 -412.86 -192.16 63.14 0.105 63
65 2 -411.21 -190.44 63.14 0.105 64
66 2 -410.38 -189.59 63.14 0.105 65
67 2 -408.51 -187.87 59.15 0.105 66
68 2 -406.65 -186.37 59.77 0.105 67
69 2 -400.64 -184.66 59.77 0.105 68
70 2 -397.54 -182.52 59.77 0.105 69
71 2 -394.64 -180.16 59.77 0.105 70
72 2 -391.05 -180.16 59.77 0.105 71
73 2 -385.87 -178.23 59.77 0.105 72
74 2 -382.14 -178.87 59.77 0.105 73
75 2 -378.83 -178.87 59.77 0.105 74
76 2 -375.1 -179.52 59.77 0.105 75
77 2 -372.41 -178.45 59.77 0.105 76
78 2 -370.54 -177.16 61.35 0.105 77
79 2 -366.81 -175.23 61.35 0.105 78
80 2 -364.33 -174.16 61.35 0.105 79
81 2 -359.15 -172.44 58.49 0.105 80
82 2 -356.66 -171.59 58.49 0.105 81
83 2 -354.18 -169.44 58.49 0.105 82
84 2 -350.04 -167.3 58.49 0.105 83
85 2 -346.4 -166.69 58.52 0.105 84
86 2 -344.95 -165.19 52.25 0.105 85
87 2 -341.43 -162.83 52.25 0.105 86
88 2 -340.18 -159.41 52.25 0.105 87
89 2 -337.7 -157.91 52.25 0.105 88
90 2 -334.8 -155.33 52.25 0.105 89
91 2 -332.52 -152.55 52.25 0.105 90
92 2 -331.48 -149.97 52.25 0.105 91
93 2 -329.62 -147.4 52.25 0.105 92
94 2 -327.33 -144.83 52.25 0.105 93
95 2 -325.89 -143.33 52.25 0.105 94
96 2 -323.2 -141.19 52.25 0.105 95
97 2 -321.75 -140.12 52.25 0.105 96
98 2 -320.7 -139.04 52.25 0.105 97
99 2 -319.26 -138.19 52.35 0.105 98
100 2 -317.19 -137.54 51.97 0.105 99
101 2 -315.95 -135.4 51.97 0.105 100
102 2 -312.64 -134.33 54.39 0.105 101
103 2 -311.19 -132.4 54.39 0.105 102
104 2 -309.74 -131.12 54.39 0.105 103
105 2 -306.08 -128.79 54.39 0.105 104
106 2 -304.64 -127.29 54.39 0.105 105
107 2 -303.19 -125.58 54.39 0.105 106
108 2 -299.88 -123.22 54.39 0.105 107
109 2 -297.6 -122.15 54.39 0.105 108
110 2 -296.77 -121.51 54.39 0.105 109
111 2 -294.7 -119.36 54.39 0.105 110
112 2 -292.83 -117.22 54.39 0.105 111
113 2 -290.56 -114.86 54.39 0.105 112
114 2 -287.45 -113.15 54.47 0.105 113
115 2 -286.0 -111.86 54.68 0.105 114
116 2 -284.76 -109.93 54.66 0.105 115
117 2 -282.48 -107.79 51.52 0.105 116
118 2 -280.82 -106.5 51.52 0.105 117
119 2 -279.37 -104.79 51.52 0.105 118
120 2 -277.51 -102.65 51.52 0.105 119
121 2 -276.06 -99.43 51.52 0.105 120
122 2 -275.23 -98.36 51.52 0.105 121
123 2 -273.57 -97.07 51.52 0.105 122
124 2 -271.91 -94.93 51.52 0.105 123
125 2 -269.83 -93.43 51.52 0.105 124
126 2 -266.52 -91.5 51.52 0.105 125
127 2 -263.06 -90.83 54.54 0.105 126
128 2 -268.86 -89.97 54.51 0.105 127
129 2 -272.38 -90.19 54.51 0.105 128
130 2 -276.04 -92.52 56.07 0.105 129
131 2 -277.69 -94.23 56.07 0.105 130
132 2 -280.18 -94.87 56.07 0.105 131
133 2 -281.63 -96.37 56.07 0.105 132
134 2 -286.18 -97.66 56.07 0.105 133
135 2 -287.83 -98.94 56.07 0.105 134
136 2 -289.91 -99.8 56.07 0.105 135
137 2 -291.16 -101.09 56.07 0.105 136
138 2 -293.64 -103.66 56.07 0.105 137
139 2 -295.08 -103.66 56.07 0.105 138
140 2 -300.27 -103.87 57.72 0.105 139
141 2 -304.0 -103.87 57.72 0.105 140
142 2 -305.66 -105.59 57.72 0.105 141
143 2 -308.14 -103.23 57.72 0.105 142
144 2 -310.63 -103.87 57.72 0.105 143
145 2 -314.35 -107.09 61.28 0.105 144
146 2 -316.01 -108.59 61.28 0.105 145
147 2 -319.01 -108.77 62.33 0.105 146
148 2 -319.01 -110.7 62.33 0.105 147
149 2 -322.12 -111.56 62.33 0.105 148
150 2 -323.99 -113.49 62.33 0.105 149
151 2 -326.68 -113.49 62.33 0.105 150
152 2 -330.41 -112.42 62.33 0.105 151
153 2 -332.06 -114.13 62.33 0.105 152
154 2 -334.34 -115.2 62.33 0.105 153
155 2 -336.83 -115.63 62.33 0.105 154
156 2 -339.11 -116.7 62.33 0.105 155
157 2 -341.18 -117.34 62.41 0.105 156
158 2 -343.46 -118.84 62.5 0.105 157
159 2 -346.77 -119.92 62.5 0.105 158
160 2 -348.63 -120.13 62.5 0.105 159
161 2 -350.29 -122.27 62.53 0.105 160
162 2 -353.19 -122.06 62.53 0.105 161
163 2 -357.13 -121.85 62.53 0.105 162
164 2 -358.37 -123.56 62.53 0.105 163
165 2 -359.4 -125.06 62.53 0.105 164
166 2 -362.62 -125.7 62.57 0.105 165
167 2 -366.76 -126.34 62.57 0.105 166
168 2 -368.63 -128.06 62.57 0.105 167
169 2 -371.32 -128.06 62.57 0.105 168
170 2 -372.98 -129.56 62.57 0.105 169
171 2 -376.5 -129.99 62.57 0.105 170
172 2 -379.19 -131.49 65.52 0.105 171
173 2 -380.43 -132.77 66.02 0.105 172
174 2 -381.26 -134.27 66.79 0.105 173
175 2 -383.75 -135.56 66.81 0.105 174
176 2 -388.51 -135.13 66.81 0.105 175
177 2 -390.17 -134.91 66.81 0.105 176
178 2 -393.28 -135.56 66.81 0.105 177
179 2 -395.55 -135.56 66.81 0.105 178
180 2 -398.04 -135.34 66.81 0.105 179
181 2 -398.87 -134.49 66.81 0.105 180
182 2 -403.22 -132.99 66.81 0.105 181
183 2 -405.8 -131.88 69.37 0.105 182
184 2 -408.91 -130.6 69.37 0.105 183
185 2 -410.98 -129.31 69.37 0.105 184
186 2 -412.43 -127.39 69.37 0.105 185
187 2 -414.29 -126.96 69.37 0.105 186
188 2 -419.06 -126.53 69.37 0.105 187
189 2 -422.58 -127.39 69.37 0.105 188
190 2 -427.13 -125.67 70.18 0.105 189
191 2 -430.24 -124.17 70.03 0.105 190
192 2 -432.52 -122.24 70.03 0.105 191
193 2 -433.56 -123.53 70.39 0.105 192
194 2 -435.01 -125.03 70.39 0.105 193
195 2 -436.25 -126.1 70.39 0.105 194
196 2 -438.32 -126.1 70.39 0.105 195
197 2 -440.39 -125.46 70.39 0.105 196
198 2 -441.63 -125.46 70.39 0.105 197
199 2 -442.25 -126.96 70.39 0.105 198
200 2 -443.5 -127.81 70.39 0.105 199
201 2 -445.98 -128.03 70.39 0.105 200
202 2 -448.19 -128.06 70.78 0.105 201
203 2 -449.43 -129.77 70.78 0.105 202
204 2 -451.71 -129.56 70.78 0.105 203
205 2 -453.16 -132.34 70.78 0.105 204
206 2 -454.4 -134.91 70.78 0.105 205
207 2 -458.54 -134.27 70.78 0.105 206
208 2 -460.2 -134.91 70.28 0.105 207
209 2 -461.44 -136.63 70.83 0.105 208
210 2 -459.58 -138.56 70.83 0.105 209
211 2 -462.27 -140.69 70.83 0.105 210
212 2 -465.79 -142.19 70.83 0.105 211
213 2 -468.07 -144.13 71.05 0.105 212
214 2 -471.8 -145.19 71.05 0.105 213
215 2 -261.82 -89.55 54.67 0.105 127
216 2 -260.77 -88.69 54.67 0.105 215
217 2 -258.7 -87.62 54.67 0.105 216
218 2 -256.43 -86.76 54.67 0.105 217
219 2 -253.53 -86.12 49.61 0.105 218
220 2 -252.71 -84.62 49.55 0.105 219
221 2 -248.15 -82.47 49.55 0.105 220
222 2 -246.08 -81.19 49.55 0.105 221
223 2 -243.38 -79.47 55.56 0.105 222
224 2 -241.52 -79.04 54.57 0.105 223
225 2 -239.45 -78.19 53.93 0.105 224
226 2 -235.31 -77.33 53.97 0.105 225
227 2 -233.24 -74.54 53.97 0.105 226
228 2 -232.2 -73.47 53.97 0.105 227
229 2 -226.67 -73.25 53.97 0.105 228
230 2 -223.98 -72.59 53.68 0.105 229
231 2 -221.9 -71.75 53.65 0.105 230
232 2 -219.21 -70.25 47.01 0.105 231
233 2 -215.9 -68.75 51.1 0.105 232
234 2 -214.03 -67.89 51.1 0.105 233
235 2 -211.76 -65.31 53.78 0.105 234
236 2 -210.51 -63.82 53.96 0.105 235
237 2 -206.16 -64.89 40.24 0.105 236
238 2 -202.43 -62.75 46.55 0.105 237
239 2 -200.78 -61.67 46.56 0.105 238
240 2 -198.91 -59.96 46.56 0.105 239
241 2 -194.77 -56.32 46.56 0.105 240
242 2 -192.29 -54.17 51.83 0.105 241
243 2 -187.52 -53.32 29.19 0.105 242
244 2 -185.86 -51.39 36.65 0.105 243
245 2 -181.38 -50.97 36.65 0.105 244
246 2 -177.24 -49.9 36.65 0.105 245
247 2 -175.58 -48.4 37.57 0.105 246
248 2 -173.93 -47.33 37.57 0.105 247
249 2 -172.06 -47.55 37.57 0.105 248
250 2 -169.78 -48.19 37.57 0.105 249
251 2 -169.16 -46.69 37.57 0.105 250
252 2 -167.3 -45.62 37.57 0.105 251
253 2 -164.4 -45.62 37.57 0.105 252
254 2 -161.91 -44.97 37.57 0.105 253
255 2 -157.97 -42.62 10.63 0.105 254
256 2 -153.83 -42.19 10.66 0.105 255
257 2 -150.93 -42.19 10.66 0.105 256
258 2 -150.11 -41.12 10.66 0.105 257
259 2 -145.76 -39.61 11.66 0.105 258
260 2 -143.27 -38.54 11.66 0.105 259
261 2 -142.03 -37.04 11.66 0.105 260
262 2 -139.13 -36.61 11.71 0.105 261
263 2 -135.69 -35.78 10.65 0.105 262
264 2 -131.96 -34.28 10.65 0.105 263
265 2 -129.47 -33.2 10.65 0.105 264
266 2 -127.41 -31.92 10.65 0.105 265
267 2 -125.96 -31.27 10.65 0.105 266
268 2 -122.43 -28.06 1.91 0.105 267
269 2 -121.19 -26.56 1.91 0.105 268
270 2 -118.29 -23.56 1.91 0.105 269
271 2 -116.43 -20.99 1.91 0.105 270
272 2 -114.15 -19.7 1.91 0.105 271
273 2 -111.04 -17.98 1.91 0.105 272
274 2 -110.42 -16.92 1.91 0.105 273
275 2 -108.35 -15.63 1.91 0.105 274
276 2 -105.86 -14.56 1.91 0.105 275
277 2 -104.0 -13.49 1.91 0.105 276
278 2 -102.34 -12.63 1.91 0.105 277
279 2 -99.44 -11.77 1.91 0.105 278
280 2 -94.47 -9.84 1.91 0.105 279
281 2 -90.54 -8.77 1.91 0.105 280
282 2 -88.26 -7.06 1.91 0.105 281
283 2 -84.12 -6.41 1.91 0.105 282
284 2 -81.63 -5.13 1.91 0.105 283
285 2 -78.73 -4.91 1.91 0.105 284
286 2 -75.7 -5.56 1.91 0.105 285
287 2 -71.78 -4.49 1.91 0.105 286
288 2 -67.84 -4.26 1.91 0.105 287
289 2 -62.04 -4.7 1.94 0.105 288
290 2 -58.31 -4.7 1.94 0.105 289
291 2 -53.76 -4.49 1.71 0.105 290
292 2 -49.5 -2.57 2.62 0.105 291
293 2 -47.85 -2.14 2.62 0.105 292
294 2 -46.4 -0.86 2.62 0.105 293
295 2 -42.88 0.21 13.35 0.105 294
296 2 -40.39 1.29 14.89 0.105 295
297 2 -38.72 1.29 14.89 0.105 296
298 2 -36.65 1.07 14.89 0.105 297
299 2 -35.0 1.71 14.89 0.105 298
300 2 -32.1 1.71 14.89 0.105 299
301 2 -29.41 1.71 -4.05 0.105 300
302 2 -28.58 4.72 -2.61 0.105 301
303 2 -28.58 5.57 -2.61 0.105 302
304 2 -26.51 5.14 -2.61 0.105 303
305 2 -23.82 4.5 -4.59 0.105 304
306 2 -20.92 4.07 -2.37 0.105 305
307 2 -18.02 3.21 -3.36 0.105 306
308 2 -15.95 2.57 -2.58 0.105 307
309 2 -13.05 1.71 -2.58 0.105 308
310 2 -12.22 1.5 -1.15 0.105 309
311 2 -9.74 1.5 -1.1 0.105 310
312 2 -6.63 0.0 0.0 0.105 311
313 2 -5.8 -1.07 0.0 0.105 312
314 2 -3.73 -1.07 0.0 0.105 313
315 2 -2.27 -1.07 0.0 0.105 314
316 2 -0.83 -0.43 0.0 0.105 315
317 2 0.83 0.0 0.0 0.105 316
